   3.06796166E-03   8.59289779E-04   2.22273450E-03   0.00000000    
   6.13592332E-03   3.72474035E-03   2.22427282E-03   0.00000000    
   9.20388475E-03   3.80557380E-03   2.22683931E-03   0.00000000    
   1.22718466E-02   1.70013856E-03   2.23042956E-03   0.00000000    
   1.53398085E-02   3.16239661E-03   2.23506009E-03   0.00000000    
   1.84077695E-02   3.04974150E-03   2.24072207E-03   0.00000000    
   2.14757323E-02   2.56489450E-03   2.24743481E-03   0.00000000    
   2.45436933E-02   3.30391480E-03   2.25519156E-03   0.00000000    
   2.76116543E-02   3.16410675E-03   2.26400676E-03   0.00000000    
   3.06796171E-02   3.01752868E-03   2.27388903E-03   0.00000000    
   3.37475799E-02   2.72709783E-03   2.28484836E-03   0.00000000    
   3.68155390E-02   2.45268177E-03   2.29689595E-03   0.00000000    
   3.98835018E-02   2.67105852E-03   2.31003645E-03   0.00000000    
   4.29514647E-02   3.07120592E-03   2.32429034E-03   0.00000000    
   4.60194238E-02   3.02451290E-03   2.33967183E-03   0.00000000    
   4.90873866E-02   2.73445179E-03   2.35619652E-03   0.00000000    
   5.21553494E-02   2.83952034E-03   2.37387372E-03   0.00000000    
   5.52233085E-02   2.78495555E-03   2.39273487E-03   0.00000000    
   5.82912713E-02   3.19610047E-03   2.41277833E-03   0.00000000    
   6.13592342E-02   3.16924439E-03   2.43404554E-03   0.00000000    
   6.44271970E-02   3.00919660E-03   2.45654350E-03   0.00000000    
   6.74951598E-02   3.27872764E-03   2.48030201E-03   0.00000000    
   7.05631152E-02   3.06911208E-03   2.50533852E-03   0.00000000    
   7.36310780E-02   3.12301749E-03   2.53168494E-03   0.00000000    
   7.66990408E-02   3.35417269E-03   2.55936035E-03   0.00000000    
   7.97670037E-02   3.30100209E-03   2.58840062E-03   0.00000000    
   8.28349665E-02   3.06919403E-03   2.61882832E-03   0.00000000    
   8.59029293E-02   3.60493967E-03   2.65067443E-03   0.00000000    
   8.89708847E-02   3.48213781E-03   2.68397806E-03   0.00000000    
   9.20388475E-02   3.26207792E-03   2.71876669E-03   0.00000000    
   9.51068103E-02   3.37515119E-03   2.75507523E-03   0.00000000    
   9.81747732E-02   3.24735022E-03   2.79294932E-03   0.00000000    
  0.101242736       3.58371343E-03   2.83241994E-03   0.00000000    
  0.104310699       3.25690839E-03   2.87351944E-03   0.00000000    
  0.107378662       3.40989395E-03   2.91630696E-03   0.00000000    
  0.110446617       3.89849814E-03   2.96081835E-03   0.00000000    
  0.113514580       4.06462420E-03   3.00709927E-03   0.00000000    
  0.116582543       3.52519657E-03   3.05519928E-03   0.00000000    
  0.119650505       3.65009159E-03   3.10515845E-03   0.00000000    
  0.122718468       3.97922192E-03   3.15703847E-03   0.00000000    
  0.125786424       4.47601266E-03   3.21090245E-03   0.00000000    
  0.128854394       4.45816666E-03   3.26678134E-03   0.00000000    
  0.131922349       4.17014305E-03   3.32475919E-03   0.00000000    
  0.134990320       4.65745293E-03   3.38487141E-03   0.00000000    
  0.138058275       4.20750724E-03   3.44720855E-03   0.00000000    
  0.141126230       4.46820585E-03   3.51181813E-03   0.00000000    
  0.144194201       4.61286865E-03   3.57877021E-03   0.00000000    
  0.147262156       5.47638303E-03   3.64813465E-03   0.00000000    
  0.150330126       4.83957957E-03   3.71999759E-03   0.00000000    
  0.153398082       5.09880809E-03   3.79441539E-03   0.00000000    
  0.156466052       4.46256809E-03   3.87148722E-03   0.00000000    
  0.159534007       5.37941558E-03   3.95128876E-03   0.00000000    
  0.162601963       4.59546782E-03   4.03390545E-03   0.00000000    
  0.165669933       5.37305465E-03   4.11941763E-03   0.00000000    
  0.168737888       5.25543047E-03   4.20792913E-03   0.00000000    
  0.171805859       5.36538707E-03   4.29953588E-03   0.00000000    
  0.174873814       5.92348166E-03   4.39433986E-03   0.00000000    
  0.177941769       5.90012828E-03   4.49243514E-03   0.00000000    
  0.181009740       6.25826651E-03   4.59393021E-03   0.00000000    
  0.184077695       6.30828924E-03   4.69894940E-03   0.00000000    
  0.187145665       7.10605085E-03   4.80759796E-03   0.00000000    
  0.190213621       5.94193675E-03   4.91999835E-03   0.00000000    
  0.193281591       6.42076088E-03   5.03627816E-03   0.00000000    
  0.196349546       6.61753863E-03   5.15657896E-03   0.00000000    
  0.199417502       7.39787379E-03   5.28101623E-03   0.00000000    
  0.202485472       7.32734613E-03   5.40972687E-03   0.00000000    
  0.205553427       8.06144066E-03   5.54288598E-03   0.00000000    
  0.208621398       7.94314872E-03   5.68062300E-03   0.00000000    
  0.211689353       8.14412721E-03   5.82310604E-03   0.00000000    
  0.214757323       8.17877613E-03   5.97049063E-03   0.00000000    
  0.217825279       7.10065756E-03   6.12294441E-03   0.00000000    
  0.220893234       7.85062183E-03   6.28066482E-03   0.00000000    
  0.223961204       8.75603594E-03   6.44380227E-03   0.00000000    
  0.227029160       7.75711844E-03   6.61258399E-03   0.00000000    
  0.230097130       9.04781558E-03   6.78717811E-03   0.00000000    
  0.233165085       9.56147444E-03   6.96780626E-03   0.00000000    
  0.236233041       1.03707043E-02   7.15468591E-03   0.00000000    
  0.239301011       1.00892363E-02   7.34802661E-03   0.00000000    
  0.242368966       1.03703188E-02   7.54807563E-03   0.00000000    
  0.245436937       9.60697513E-03   7.75506301E-03   0.00000000    
  0.248504892       1.14142764E-02   7.96923880E-03   0.00000000    
  0.251572847       1.05198156E-02   8.19088519E-03   0.00000000    
  0.254640818       1.07986685E-02   8.42023641E-03   0.00000000    
  0.257708788       1.06007578E-02   8.65759607E-03   0.00000000    
  0.260776728       1.11003397E-02   8.90326127E-03   0.00000000    
  0.263844699       1.20411450E-02   9.15751886E-03   0.00000000    
  0.266912669       1.30906291E-02   9.42070689E-03   0.00000000    
  0.269980639       1.25664603E-02   9.69314016E-03   0.00000000    
  0.273048580       1.46030253E-02   9.97516513E-03   0.00000000    
  0.276116550       1.39721399E-02   1.02671403E-02   0.00000000    
  0.279184520       1.36639597E-02   1.05694663E-02   0.00000000    
  0.282252461       1.40374536E-02   1.08824847E-02   0.00000000    
  0.285320431       1.61174219E-02   1.12066064E-02   0.00000000    
  0.288388401       1.57433804E-02   1.15422970E-02   0.00000000    
  0.291456372       1.40165137E-02   1.18899336E-02   0.00000000    
  0.294524312       1.53996386E-02   1.22500174E-02   0.00000000    
  0.297592282       1.75427087E-02   1.26230046E-02   0.00000000    
  0.300660253       1.68269482E-02   1.30093945E-02   0.00000000    
  0.303728193       1.91039313E-02   1.34097086E-02   0.00000000    
  0.306796163       1.96409486E-02   1.38244834E-02   0.00000000    
  0.309864134       2.06312407E-02   1.42542617E-02   0.00000000    
  0.312932104       2.21896060E-02   1.46996286E-02   0.00000000    
  0.316000044       2.06699297E-02   1.51612284E-02   0.00000000    
  0.319068015       2.32060067E-02   1.56396702E-02   0.00000000    
  0.322135985       2.13576350E-02   1.61355920E-02   0.00000000    
  0.325203925       2.23444868E-02   1.66497547E-02   0.00000000    
  0.328271896       2.28275992E-02   1.71828158E-02   0.00000000    
  0.331339866       2.51703579E-02   1.77355669E-02   0.00000000    
  0.334407806       2.30805129E-02   1.83087643E-02   0.00000000    
  0.337475777       2.52245851E-02   1.89032387E-02   0.00000000    
  0.340543747       2.80641280E-02   1.95198432E-02   0.00000000    
  0.343611717       2.64268927E-02   2.01594830E-02   0.00000000    
  0.346679658       2.55412273E-02   2.08230969E-02   0.00000000    
  0.349747628       3.02856192E-02   2.15116255E-02   0.00000000    
  0.352815598       2.94857454E-02   2.22260896E-02   0.00000000    
  0.355883539       3.46525796E-02   2.29676031E-02   0.00000000    
  0.358951509       3.09964493E-02   2.37372499E-02   0.00000000    
  0.362019479       3.54105942E-02   2.45361440E-02   0.00000000    
  0.365087450       3.58670205E-02   2.53655966E-02   0.00000000    
  0.368155390       3.35388780E-02   2.62267441E-02   0.00000000    
  0.371223360       3.67600471E-02   2.71210261E-02   0.00000000    
  0.374291331       3.76726352E-02   2.80498378E-02   0.00000000    
  0.377359271       3.70436199E-02   2.90145334E-02   0.00000000    
  0.380427241       4.40168679E-02   3.00166830E-02   0.00000000    
  0.383495212       3.95247266E-02   3.10579091E-02   0.00000000    
  0.386563182       4.08726484E-02   3.21397968E-02   0.00000000    
  0.389631122       4.44604158E-02   3.32641155E-02   0.00000000    
  0.392699093       4.82713096E-02   3.44327427E-02   0.00000000    
  0.395767063       4.55646813E-02   3.56474929E-02   0.00000000    
  0.398835003       4.90103178E-02   3.69104147E-02   0.00000000    
  0.401902974       5.12728840E-02   3.82236280E-02   0.00000000    
  0.404970944       5.07478379E-02   3.95891815E-02   0.00000000    
  0.408038914       4.70533334E-02   4.10095975E-02   0.00000000    
  0.411106855       5.48840091E-02   4.24870290E-02   0.00000000    
  0.414174825       5.91332205E-02   4.40241843E-02   0.00000000    
  0.417242795       5.96540682E-02   4.56236862E-02   0.00000000    
  0.420310736       6.79237247E-02   4.72881496E-02   0.00000000    
  0.423378706       6.82148114E-02   4.90206331E-02   0.00000000    
  0.426446676       7.00290650E-02   5.08241467E-02   0.00000000    
  0.429514647       7.30724707E-02   5.27018607E-02   0.00000000    
  0.432582587       7.48869032E-02   5.46570830E-02   0.00000000    
  0.435650557       7.17787743E-02   5.66933565E-02   0.00000000    
  0.438718528       7.45753944E-02   5.88144325E-02   0.00000000    
  0.441786468       7.62907863E-02   6.10240474E-02   0.00000000    
  0.444854438       8.73110443E-02   6.33264929E-02   0.00000000    
  0.447922409       8.95732120E-02   6.57258257E-02   0.00000000    
  0.450990379       8.81615058E-02   6.82265535E-02   0.00000000    
  0.454058319       9.16371569E-02   7.08334222E-02   0.00000000    
  0.457126290       9.76152793E-02   7.35515133E-02   0.00000000    
  0.460194260       9.29635614E-02   7.63857886E-02   0.00000000    
  0.463262200      0.105182149       7.93417320E-02   0.00000000    
  0.466330171       9.49158072E-02   8.24252889E-02   0.00000000    
  0.469398141      0.114605784       8.56423229E-02   0.00000000    
  0.472466081      0.109494723       8.89990628E-02   0.00000000    
  0.475534052      0.130630121       9.25025716E-02   0.00000000    
  0.478602022      0.127806291       9.61593688E-02   0.00000000    
  0.481669992      0.130723700       9.99772251E-02   0.00000000    
  0.484737933      0.132304385      0.103963710       0.00000000    
  0.487805903      0.134262532      0.108127117       0.00000000    
  0.490873873      0.140953377      0.112475827       0.00000000    
  0.493941814      0.149472415      0.117018931       0.00000000    
  0.497009784      0.173135489      0.121766008       0.00000000    
  0.500077724      0.149434045      0.126727074       0.00000000    
  0.503145695      0.147160158      0.131912768       0.00000000    
  0.506213665      0.182623789      0.137333959       0.00000000    
  0.509281635      0.167842984      0.143002510       0.00000000    
  0.512349606      0.192945331      0.148930654       0.00000000    
  0.515417576      0.215691060      0.155131504       0.00000000    
  0.518485546      0.210281730      0.161618516       0.00000000    
  0.521553457      0.214611724      0.168406010       0.00000000    
  0.524621427      0.224681616      0.175509393       0.00000000    
  0.527689397      0.244842306      0.182944596       0.00000000    
  0.530757368      0.239341050      0.190728247       0.00000000    
  0.533825338      0.250650615      0.198878422       0.00000000    
  0.536893308      0.290144265      0.207413271       0.00000000    
  0.539961278      0.289181441      0.216352880       0.00000000    
  0.543029189      0.260410964      0.225717649       0.00000000    
  0.546097159      0.336052060      0.235530004       0.00000000    
  0.549165130      0.305811971      0.245812535       0.00000000    
  0.552233100      0.333427846      0.256589413       0.00000000    
  0.555301070      0.410703778      0.267886639       0.00000000    
  0.558369040      0.361394256      0.279730707       0.00000000    
  0.561437011      0.382033020      0.292150170       0.00000000    
  0.564504921      0.424291074      0.305174500       0.00000000    
  0.567572892      0.421315461      0.318835825       0.00000000    
  0.570640862      0.431701481      0.333166808       0.00000000    
  0.573708832      0.446254373      0.348203182       0.00000000    
  0.576776803      0.454303831      0.363980085       0.00000000    
  0.579844773      0.501421273      0.380537242       0.00000000    
  0.582912743      0.500851095      0.397915751       0.00000000    
  0.585980654      0.529734969      0.416156650       0.00000000    
  0.589048624      0.557230890      0.435307235       0.00000000    
  0.592116594      0.577168643      0.455413073       0.00000000    
  0.595184565      0.579136312      0.476523846       0.00000000    
  0.598252535      0.699415267      0.498691976       0.00000000    
  0.601320505      0.639665365      0.521972656       0.00000000    
  0.604388475      0.714686573      0.546423316       0.00000000    
  0.607456386      0.668423533      0.572102606       0.00000000    
  0.610524356      0.695092499      0.599075735       0.00000000    
  0.613592327      0.809349477      0.627407134       0.00000000    
  0.616660297      0.919085920      0.657166898       0.00000000    
  0.619728267      0.843010604      0.688426733       0.00000000    
  0.622796237      0.904204607      0.721261621       0.00000000    
  0.625864208      0.864574492      0.755750299       0.00000000    
  0.628932118       1.06693280      0.791974306       0.00000000    
  0.632000089       1.10641098      0.830018222       0.00000000    
  0.635068059       1.09975183      0.869974315       0.00000000    
  0.638136029       1.09369552      0.911929607       0.00000000    
  0.641204000       1.10578692      0.955981374       0.00000000    
  0.644271970       1.18910301       1.00222850       0.00000000    
  0.647339940       1.30280089       1.05077052       0.00000000    
  0.650407851       1.19680560       1.10171080       0.00000000    
  0.653475821       1.42679977       1.15516043       0.00000000    
  0.656543791       1.66204190       1.21122646       0.00000000    
  0.659611762       1.68164551       1.27002013       0.00000000    
  0.662679732       1.68838370       1.33165538       0.00000000    
  0.665747702       1.55311406       1.39624643       0.00000000    
  0.668815613       1.68813479       1.46390951       0.00000000    
  0.671883583       1.95832181       1.53476679       0.00000000    
  0.674951553       1.81653440       1.60892594       0.00000000    
  0.678019524       1.92637312       1.68650675       0.00000000    
  0.681087494       2.14979410       1.76762140       0.00000000    
  0.684155464       2.22854662       1.85237837       0.00000000    
  0.687223434       2.19256997       1.94088292       0.00000000    
  0.690291345       2.34443450       2.03323603       0.00000000    
  0.693359315       2.37766957       2.12953377       0.00000000    
  0.696427286       2.61267638       2.22986221       0.00000000    
  0.699495256       2.93997908       2.33428955       0.00000000    
  0.702563226       2.79301620       2.44288921       0.00000000    
  0.705631196       2.85227442       2.55570364       0.00000000    
  0.708699167       2.71670151       2.67276812       0.00000000    
  0.711767077       2.73088551       2.79410243       0.00000000    
  0.714835048       3.26478314       2.91970420       0.00000000    
  0.717903018       3.68038940       3.04953551       0.00000000    
  0.720970988       3.59184241       3.18355536       0.00000000    
  0.724038959       3.70032001       3.32167435       0.00000000    
  0.727106929       3.83539605       3.46378207       0.00000000    
  0.730174899       4.20966196       3.60974216       0.00000000    
  0.733242810       4.09707928       3.75937247       0.00000000    
  0.736310780       3.93717670       3.91245103       0.00000000    
  0.739378750       4.51328754       4.06872606       0.00000000    
  0.742446721       4.62686253       4.22789955       0.00000000    
  0.745514691       4.57155514       4.38963842       0.00000000    
  0.748582661       4.71287251       4.55353928       0.00000000    
  0.751650631       4.52394915       4.71917915       0.00000000    
  0.754718542       5.28067493       4.88608980       0.00000000    
  0.757786512       5.47988510       5.05374241       0.00000000    
  0.760854483       5.44068861       5.22158146       0.00000000    
  0.763922453       5.39358139       5.38899517       0.00000000    
  0.766990423       5.69470119       5.55535936       0.00000000    
  0.770058393       6.02551937       5.71995878       0.00000000    
  0.773126364       5.91895437       5.88212204       0.00000000    
  0.776194274       5.63231230       6.04110050       0.00000000    
  0.779262245       6.53560925       6.19614744       0.00000000    
  0.782330215       6.89301968       6.34652281       0.00000000    
  0.785398185       6.97068691       6.49141216       0.00000000    
  0.788466156       6.60449457       6.63006496       0.00000000    
  0.791534126       6.30997038       6.76175737       0.00000000    
  0.794602096       6.92042875       6.88572884       0.00000000    
  0.797670007       6.67012024       7.00128746       0.00000000    
  0.800737977       7.05192423       7.10778952       0.00000000    
  0.803805947       6.41109610       7.20462084       0.00000000    
  0.806873918       7.17833996       7.29120255       0.00000000    
  0.809941888       6.84800529       7.36705732       0.00000000    
  0.813009858       6.80907297       7.43175936       0.00000000    
  0.816077828       6.43121529       7.48493624       0.00000000    
  0.819145739       7.03788376       7.52639198       0.00000000    
  0.822213709       7.15079403       7.55586958       0.00000000    
  0.825281680       7.04222155       7.57332516       0.00000000    
  0.828349650       6.74983644       7.57870483       0.00000000    
  0.831417620       7.20492792       7.57209969       0.00000000    
  0.834485590       6.80716848       7.55370045       0.00000000    
  0.837553561       7.37168503       7.52372217       0.00000000    
  0.840621471       6.99766684       7.48247719       0.00000000    
  0.843689442       6.24534321       7.43034887       0.00000000    
  0.846757412       6.41644478       7.36780024       0.00000000    
  0.849825382       7.02139568       7.29532623       0.00000000    
  0.852893353       6.20187807       7.21351385       0.00000000    
  0.855961323       6.74757004       7.12290621       0.00000000    
  0.859029293       6.48035860       7.02415991       0.00000000    
  0.862097204       5.98207140       6.91794872       0.00000000    
  0.865165174       5.75129700       6.80491543       0.00000000    
  0.868233144       6.04584265       6.68575907       0.00000000    
  0.871301115       5.34034491       6.56114006       0.00000000    
  0.874369085       5.92524624       6.43175077       0.00000000    
  0.877437055       5.65659761       6.29824734       0.00000000    
  0.880505025       5.33877897       6.16129827       0.00000000    
  0.883572936       4.66208363       6.02152777       0.00000000    
  0.886640906       5.39251137       5.87952042       0.00000000    
  0.889708877       5.24225521       5.73586178       0.00000000    
  0.892776847       4.63324976       5.59109402       0.00000000    
  0.895844817       5.22618437       5.44573784       0.00000000    
  0.898912787       4.09211874       5.30024958       0.00000000    
  0.901980758       4.53960705       5.15508652       0.00000000    
  0.905048668       3.72800469       5.01064730       0.00000000    
  0.908116639       4.25949764       4.86729383       0.00000000    
  0.911184609       4.12807512       4.72536135       0.00000000    
  0.914252579       3.81876111       4.58514977       0.00000000    
  0.917320549       4.15939236       4.44692612       0.00000000    
  0.920388520       3.93259478       4.31092787       0.00000000    
  0.923456430       4.07636261       4.17734909       0.00000000    
  0.926524401       3.61911011       4.04636478       0.00000000    
  0.929592371       3.24336767       3.91812491       0.00000000    
  0.932660341       3.44202685       3.79275489       0.00000000    
  0.935728312       3.37344456       3.67034698       0.00000000    
  0.938796282       3.03934479       3.55097628       0.00000000    
  0.941864252       2.67416239       3.43470955       0.00000000    
  0.944932163       2.96810007       3.32157850       0.00000000    
  0.948000133       3.14498544       3.21160626       0.00000000    
  0.951068103       2.66341686       3.10480857       0.00000000    
  0.954136074       2.90928149       3.00117326       0.00000000    
  0.957204044       2.61202335       2.90068865       0.00000000    
  0.960272014       2.23405409       2.80332804       0.00000000    
  0.963339984       2.58046532       2.70905113       0.00000000    
  0.966407895       2.44052291       2.61782289       0.00000000    
  0.969475865       2.19789433       2.52959228       0.00000000    
  0.972543836       1.97062826       2.44429636       0.00000000    
  0.975611806       2.16632342       2.36188078       0.00000000    
  0.978679776       1.71577716       2.28228235       0.00000000    
  0.981747746       1.88206625       2.20543170       0.00000000    
  0.984815717       1.90293837       2.13126087       0.00000000    
  0.987883627       1.68183279       2.05969834       0.00000000    
  0.990951598       1.75161541       1.99067092       0.00000000    
  0.994019568       1.80965567       1.92410433       0.00000000    
  0.997087538       1.79985797       1.85992491       0.00000000    
   1.00015545       1.66364408       1.79806089       0.00000000    
   1.00322342       1.69198167       1.73843396       0.00000000    
   1.00629139       1.44152439       1.68097568       0.00000000    
   1.00935936       1.53169107       1.62561131       0.00000000    
   1.01242733       1.34065366       1.57227075       0.00000000    
   1.01549530       1.43914998       1.52088189       0.00000000    
   1.01856327       1.35483813       1.47137940       0.00000000    
   1.02163124       1.32192349       1.42369437       0.00000000    
   1.02469921       1.26018488       1.37776053       0.00000000    
   1.02776718       1.25449634       1.33351433       0.00000000    
   1.03083515       1.06040299       1.29089510       0.00000000    
   1.03390312       1.22655499       1.24984026       0.00000000    
   1.03697109       1.21868312       1.21029246       0.00000000    
   1.04003906       1.21094787       1.17219412       0.00000000    
   1.04310691       1.12534475       1.13549232       0.00000000    
   1.04617488       1.00908184       1.10012984       0.00000000    
   1.04924285       1.00624800       1.06605804       0.00000000    
   1.05231082      0.897566855       1.03322637       0.00000000    
   1.05537879      0.903611898       1.00158608       0.00000000    
   1.05844676      0.950290978      0.971092701       0.00000000    
   1.06151474      0.921865523      0.941700220       0.00000000    
   1.06458271      0.892677128      0.913366437       0.00000000    
   1.06765068      0.944725990      0.886049271       0.00000000    
   1.07071865      0.784267187      0.859711468       0.00000000    
   1.07378662      0.847560525      0.834311128       0.00000000    
   1.07685459      0.698750615      0.809814155       0.00000000    
   1.07992256      0.811618090      0.786184847       0.00000000    
   1.08299041      0.681681395      0.763389468       0.00000000    
   1.08605838      0.807117641      0.741393685       0.00000000    
   1.08912635      0.649166346      0.720168471       0.00000000    
   1.09219432      0.733240902      0.699682117       0.00000000    
   1.09526229      0.668632030      0.679906070       0.00000000    
   1.09833026      0.711860895      0.660813808       0.00000000    
   1.10139823      0.666209579      0.642377555       0.00000000    
   1.10446620      0.641470551      0.624572992       0.00000000    
   1.10753417      0.613659322      0.607374609       0.00000000    
   1.11060214      0.586386025      0.590759814       0.00000000    
   1.11367011      0.510253489      0.574705839       0.00000000    
   1.11673808      0.561190903      0.559191227       0.00000000    
   1.11980605      0.520965278      0.544195116       0.00000000    
   1.12287402      0.604951143      0.529698372       0.00000000    
   1.12594187      0.535763144      0.515681088       0.00000000    
   1.12900984      0.453132600      0.502125502       0.00000000    
   1.13207781      0.499140173      0.489014000       0.00000000    
   1.13514578      0.506230772      0.476330280       0.00000000    
   1.13821375      0.477120399      0.464057446       0.00000000    
   1.14128172      0.461052835      0.452180773       0.00000000    
   1.14434969      0.451083511      0.440685391       0.00000000    
   1.14741766      0.442233682      0.429557025       0.00000000    
   1.15048563      0.487584978      0.418781966       0.00000000    
   1.15355361      0.445090920      0.408347517       0.00000000    
   1.15662158      0.383501023      0.398240894       0.00000000    
   1.15968955      0.430412620      0.388450176       0.00000000    
   1.16275752      0.437485844      0.378963947       0.00000000    
   1.16582549      0.411839217      0.369770825       0.00000000    
   1.16889334      0.380281538      0.360860944       0.00000000    
   1.17196131      0.381229818      0.352223188       0.00000000    
   1.17502928      0.337609053      0.343848258       0.00000000    
   1.17809725      0.371326804      0.335726649       0.00000000    
   1.18116522      0.367460608      0.327849507       0.00000000    
   1.18423319      0.328327358      0.320208132       0.00000000    
   1.18730116      0.326633245      0.312794238       0.00000000    
   1.19036913      0.330154985      0.305599689       0.00000000    
   1.19343710      0.300324559      0.298617125       0.00000000    
   1.19650507      0.325795829      0.291838944       0.00000000    
   1.19957304      0.349754930      0.285257965       0.00000000    
   1.20264101      0.312699974      0.278867722       0.00000000    
   1.20570898      0.332591772      0.272661358       0.00000000    
   1.20877695      0.307704568      0.266632855       0.00000000    
   1.21184480      0.288754672      0.260776371       0.00000000    
   1.21491277      0.242169857      0.255085498       0.00000000    
   1.21798074      0.281979829      0.249554962       0.00000000    
   1.22104871      0.266021997      0.244179264       0.00000000    
   1.22411668      0.259291619      0.238953412       0.00000000    
   1.22718465      0.267703772      0.233872443       0.00000000    
   1.23025262      0.248397946      0.228931382       0.00000000    
   1.23332059      0.234325796      0.224125877       0.00000000    
   1.23638856      0.257175535      0.219451189       0.00000000    
   1.23945653      0.252110928      0.214903384       0.00000000    
   1.24252450      0.237893105      0.210478187       0.00000000    
   1.24559247      0.226375327      0.206171691       0.00000000    
   1.24866045      0.237285331      0.201979935       0.00000000    
   1.25172842      0.219526485      0.197899461       0.00000000    
   1.25479627      0.215059012      0.193926722       0.00000000    
   1.25786424      0.230084956      0.190058112       0.00000000    
   1.26093221      0.203972906      0.186290503       0.00000000    
   1.26400018      0.195249215      0.182620600       0.00000000    
   1.26706815      0.191775113      0.179045454       0.00000000    
   1.27013612      0.208841190      0.175562158       0.00000000    
   1.27320409      0.195802420      0.172167808       0.00000000    
   1.27627206      0.191947311      0.168859705       0.00000000    
   1.27934003      0.184016928      0.165635243       0.00000000    
   1.28240800      0.180853069      0.162491754       0.00000000    
   1.28547597      0.188678414      0.159426868       0.00000000    
   1.28854394      0.193360135      0.156438187       0.00000000    
   1.29161191      0.175939009      0.153523430       0.00000000    
   1.29467988      0.195818409      0.150680467       0.00000000    
   1.29774773      0.179679200      0.147907138       0.00000000    
   1.30081570      0.183775663      0.145201266       0.00000000    
   1.30388367      0.168675244      0.142560869       0.00000000    
   1.30695164      0.184767246      0.139984131       0.00000000    
   1.31001961      0.171227574      0.137469158       0.00000000    
   1.31308758      0.176638842      0.135014161       0.00000000    
   1.31615555      0.152960896      0.132617414       0.00000000    
   1.31922352      0.157450005      0.130277172       0.00000000    
   1.32229149      0.169175312      0.127991885       0.00000000    
   1.32535946      0.156553894      0.125759989       0.00000000    
   1.32842743      0.145788237      0.123579957       0.00000000    
   1.33149540      0.154585510      0.121450305       0.00000000    
   1.33456337      0.148382127      0.119369633       0.00000000    
   1.33763123      0.150061682      0.117336646       0.00000000    
   1.34069920      0.143715948      0.115349874       0.00000000    
   1.34376717      0.149659097      0.113408111       0.00000000    
   1.34683514      0.142246589      0.111510076       0.00000000    
   1.34990311      0.145709813      0.109654620       0.00000000    
   1.35297108      0.142579496      0.107840568       0.00000000    
   1.35603905      0.154306948      0.106066786       0.00000000    
   1.35910702      0.143374190      0.104332201       0.00000000    
   1.36217499      0.147528425      0.102635749       0.00000000    
   1.36524296      0.150623515      0.100976348       0.00000000    
   1.36831093      0.141381726       9.93530676E-02   0.00000000    
   1.37137890      0.131272241       9.77649465E-02   0.00000000    
   1.37444687      0.133621246       9.62110609E-02   0.00000000    
   1.37751484      0.143687934       9.46905166E-02   0.00000000    
   1.38058269      0.132322609       9.32024494E-02   0.00000000    
   1.38365066      0.138875455       9.17459279E-02   0.00000000    
   1.38671863      0.123096183       9.03201625E-02   0.00000000    
   1.38978660      0.128401488       8.89244154E-02   0.00000000    
   1.39285457      0.131979302       8.75578672E-02   0.00000000    
   1.39592254      0.129196957       8.62197429E-02   0.00000000    
   1.39899051      0.120442525       8.49094018E-02   0.00000000    
   1.40205848      0.127435744       8.36260766E-02   0.00000000    
   1.40512645      0.121915787       8.23691115E-02   0.00000000    
   1.40819442      0.113118455       8.11378136E-02   0.00000000    
   1.41126239      0.126981571       7.99315274E-02   0.00000000    
   1.41433036      0.119611934       7.87497237E-02   0.00000000    
   1.41739833      0.127488062       7.75917023E-02   0.00000000    
   1.42046630      0.118384354       7.64568672E-02   0.00000000    
   1.42353415      0.122258291       7.53447562E-02   0.00000000    
   1.42660213      0.115472004       7.42546916E-02   0.00000000    
   1.42967010      0.113802463       7.31861815E-02   0.00000000    
   1.43273807      0.114493251       7.21386522E-02   0.00000000    
   1.43580604      0.121035427       7.11116940E-02   0.00000000    
   1.43887401      0.120933279       7.01047406E-02   0.00000000    
   1.44194198      0.105198100       6.91173673E-02   0.00000000    
   1.44500995      0.114655077       6.81490228E-02   0.00000000    
   1.44807792      0.112495191       6.71993420E-02   0.00000000    
   1.45114589       9.61820781E-02   6.62678182E-02   0.00000000    
   1.45421386      0.106166050       6.53540790E-02   0.00000000    
   1.45728183      0.111063376       6.44576252E-02   0.00000000    
   1.46034980      0.103135407       6.35781437E-02   0.00000000    
   1.46341777      0.116626278       6.27151951E-02   0.00000000    
   1.46648562      0.101945765       6.18684106E-02   0.00000000    
   1.46955359      0.123568453       6.10373989E-02   0.00000000    
   1.47262156      0.105878137       6.02217950E-02   0.00000000    
   1.47568953      0.111387432       5.94212636E-02   0.00000000    
   1.47875750      0.101231165       5.86354472E-02   0.00000000    
   1.48182547      0.114475988       5.78640252E-02   0.00000000    
   1.48489344      0.109954029       5.71066402E-02   0.00000000    
   1.48796141      0.103992775       5.63630201E-02   0.00000000    
   1.49102938      0.108521245       5.56328408E-02   0.00000000    
   1.49409735       9.98966694E-02   5.49157932E-02   0.00000000    
   1.49716532      0.101764813       5.42115942E-02   0.00000000    
   1.50023329       9.58705768E-02   5.35199493E-02   0.00000000    
   1.50330126      0.111544110       5.28406091E-02   0.00000000    
   1.50636923       9.99191478E-02   5.21732643E-02   0.00000000    
   1.50943708      0.102474920       5.15176803E-02   0.00000000    
   1.51250505       9.64558050E-02   5.08735925E-02   0.00000000    
   1.51557302      0.102935404       5.02407365E-02   0.00000000    
   1.51864100      0.100352630       4.96188812E-02   0.00000000    
   1.52170897      0.101568244       4.90078032E-02   0.00000000    
   1.52477694       8.80461708E-02   4.84072492E-02   0.00000000    
   1.52784491      0.100011155       4.78170030E-02   0.00000000    
   1.53091288      0.100436382       4.72368486E-02   0.00000000    
   1.53398085       9.92939174E-02   4.66665737E-02   0.00000000    
   1.53704882       9.42346454E-02   4.61059622E-02   0.00000000    
   1.54011679       9.20140371E-02   4.55548093E-02   0.00000000    
   1.54318476      0.104411557       4.50129323E-02   0.00000000    
   1.54625273      0.106552415       4.44801264E-02   0.00000000    
   1.54932070       9.48567092E-02   4.39562090E-02   0.00000000    
   1.55238855       9.72138420E-02   4.34410162E-02   0.00000000    
   1.55545652      0.110635921       4.29343134E-02   0.00000000    
   1.55852449      0.100631736       4.24359590E-02   0.00000000    
   1.56159246      0.103907138       4.19457816E-02   0.00000000    
   1.56466043       9.48510841E-02   4.14636284E-02   0.00000000    
   1.56772840       8.35970342E-02   4.09892984E-02   0.00000000    
   1.57079637       8.99794623E-02   4.05226797E-02   0.00000000    
   1.57386434       9.14239287E-02   4.00635824E-02   0.00000000    
   1.57693231       9.43053961E-02   3.96118611E-02   0.00000000    
   1.58000028       9.02897790E-02   3.91673818E-02   0.00000000    
   1.58306825       8.54863673E-02   3.87299918E-02   0.00000000    
   1.58613622       9.61434394E-02   3.82995605E-02   0.00000000    
   1.58920419       9.11627039E-02   3.78759205E-02   0.00000000    
   1.59227204       8.74709412E-02   3.74589935E-02   0.00000000    
   1.59534001       8.99631456E-02   3.70485969E-02   0.00000000    
   1.59840798      0.101228438       3.66446227E-02   0.00000000    
   1.60147595       8.69693607E-02   3.62469330E-02   0.00000000    
   1.60454392       9.01590213E-02   3.58554199E-02   0.00000000    
   1.60761189       8.39198232E-02   3.54699567E-02   0.00000000    
   1.61067986       8.32309946E-02   3.50904390E-02   0.00000000    
   1.61374784       8.67478326E-02   3.47167403E-02   0.00000000    
   1.61681581       8.81628394E-02   3.43487673E-02   0.00000000    
   1.61988378       8.19516480E-02   3.39863822E-02   0.00000000    
   1.62295175       8.84666964E-02   3.36294994E-02   0.00000000    
   1.62601972       8.16514641E-02   3.32780071E-02   0.00000000    
   1.62908769       9.67242047E-02   3.29318121E-02   0.00000000    
   1.63215566       8.36626813E-02   3.25908028E-02   0.00000000    
   1.63522351       8.64944309E-02   3.22548933E-02   0.00000000    
   1.63829148       9.03537199E-02   3.19239832E-02   0.00000000    
   1.64135945       9.08576697E-02   3.15979905E-02   0.00000000    
   1.64442742       8.75823498E-02   3.12768072E-02   0.00000000    
   1.64749539       9.15149227E-02   3.09603419E-02   0.00000000    
   1.65056336       9.24294665E-02   3.06485277E-02   0.00000000    
   1.65363133       8.60071853E-02   3.03412676E-02   0.00000000    
   1.65669930       8.91939625E-02   3.00384909E-02   0.00000000    
   1.65976727       8.61298963E-02   2.97400877E-02   0.00000000    
   1.66283524       8.16145018E-02   2.94460114E-02   0.00000000    
   1.66590321       8.24486539E-02   2.91561689E-02   0.00000000    
   1.66897118       7.82511607E-02   2.88704801E-02   0.00000000    
   1.67203915       7.39296824E-02   2.85888799E-02   0.00000000    
   1.67510712       8.02848637E-02   2.83112917E-02   0.00000000    
   1.67817497       7.60295466E-02   2.80376580E-02   0.00000000    
   1.68124294       8.55816230E-02   2.77678724E-02   0.00000000    
   1.68431091       7.53507018E-02   2.75018960E-02   0.00000000    
   1.68737888       7.43201002E-02   2.72396561E-02   0.00000000    
   1.69044685       7.18062222E-02   2.69810930E-02   0.00000000    
   1.69351482       7.02254102E-02   2.67261323E-02   0.00000000    
   1.69658279       8.01817849E-02   2.64747068E-02   0.00000000    
   1.69965076       7.94303268E-02   2.62267664E-02   0.00000000    
   1.70271873       7.50311092E-02   2.59822533E-02   0.00000000    
   1.70578671       6.93973079E-02   2.57410966E-02   0.00000000    
   1.70885468       8.03415477E-02   2.55032443E-02   0.00000000    
   1.71192265       7.94887990E-02   2.52686441E-02   0.00000000    
   1.71499062       7.13313296E-02   2.50372384E-02   0.00000000    
   1.71805859       7.18701631E-02   2.48089693E-02   0.00000000    
   1.72112644       6.55649304E-02   2.45837886E-02   0.00000000    
   1.72419441       6.96971491E-02   2.43616346E-02   0.00000000    
   1.72726238       6.62752390E-02   2.41424758E-02   0.00000000    
   1.73033035       6.66382089E-02   2.39262357E-02   0.00000000    
   1.73339832       6.87097535E-02   2.37128809E-02   0.00000000    
   1.73646629       6.43856600E-02   2.35023573E-02   0.00000000    
   1.73953426       6.31834269E-02   2.32946295E-02   0.00000000    
   1.74260223       6.43750876E-02   2.30896436E-02   0.00000000    
   1.74567020       6.93714097E-02   2.28873529E-02   0.00000000    
   1.74873817       6.37414753E-02   2.26877108E-02   0.00000000    
   1.75180614       6.16342500E-02   2.24906877E-02   0.00000000    
   1.75487411       6.05009571E-02   2.22962201E-02   0.00000000    
   1.75794208       6.70842007E-02   2.21042912E-02   0.00000000    
   1.76101005       5.76154627E-02   2.19148286E-02   0.00000000    
   1.76407790       5.87462597E-02   2.17278283E-02   0.00000000    
   1.76714587       5.76605462E-02   2.15432197E-02   0.00000000    
   1.77021384       6.20728359E-02   2.13609785E-02   0.00000000    
   1.77328181       5.27507551E-02   2.11810656E-02   0.00000000    
   1.77634978       5.14721386E-02   2.10034419E-02   0.00000000    
   1.77941775       6.45288602E-02   2.08280776E-02   0.00000000    
   1.78248572       5.50382510E-02   2.06549261E-02   0.00000000    
   1.78555369       5.22193350E-02   2.04839613E-02   0.00000000    
   1.78862166       5.61448820E-02   2.03151386E-02   0.00000000    
   1.79168963       5.87425306E-02   2.01484337E-02   0.00000000    
   1.79475760       5.44997565E-02   1.99838150E-02   0.00000000    
   1.79782557       5.74846789E-02   1.98212434E-02   0.00000000    
   1.80089355       5.91111332E-02   1.96606927E-02   0.00000000    
   1.80396152       5.42605743E-02   1.95021257E-02   0.00000000    
   1.80702937       4.98295575E-02   1.93455219E-02   0.00000000    
   1.81009734       5.19232601E-02   1.91908386E-02   0.00000000    
   1.81316531       5.50604053E-02   1.90380476E-02   0.00000000    
   1.81623328       5.06526642E-02   1.88871212E-02   0.00000000    
   1.81930125       5.29367290E-02   1.87380407E-02   0.00000000    
   1.82236922       4.36277650E-02   1.85907688E-02   0.00000000    
   1.82543719       4.93688285E-02   1.84452794E-02   0.00000000    
   1.82850516       5.06496690E-02   1.83015484E-02   0.00000000    
   1.83157313       4.44541872E-02   1.81595441E-02   0.00000000    
   1.83464110       4.76038828E-02   1.80192385E-02   0.00000000    
   1.83770907       4.84157018E-02   1.78806167E-02   0.00000000    
   1.84077704       4.87912856E-02   1.77436434E-02   0.00000000    
   1.84384501       4.58401479E-02   1.76083036E-02   0.00000000    
   1.84691286       4.24561352E-02   1.74745731E-02   0.00000000    
   1.84998083       4.58264127E-02   1.73424203E-02   0.00000000    
   1.85304880       4.44163866E-02   1.72118209E-02   0.00000000    
   1.85611677       4.16579098E-02   1.70827564E-02   0.00000000    
   1.85918474       4.14724685E-02   1.69552006E-02   0.00000000    
   1.86225271       4.27969135E-02   1.68291368E-02   0.00000000    
   1.86532068       4.16929908E-02   1.67045426E-02   0.00000000    
   1.86838865       4.12118807E-02   1.65813975E-02   0.00000000    
   1.87145662       4.08105366E-02   1.64596755E-02   0.00000000    
   1.87452459       4.31192219E-02   1.63393561E-02   0.00000000    
   1.87759256       4.44913730E-02   1.62204280E-02   0.00000000    
   1.88066053       4.23072428E-02   1.61028653E-02   0.00000000    
   1.88372850       4.40055169E-02   1.59866381E-02   0.00000000    
   1.88679647       4.03370932E-02   1.58717446E-02   0.00000000    
   1.88986433       4.16318141E-02   1.57581624E-02   0.00000000    
   1.89293230       4.14461717E-02   1.56458616E-02   0.00000000    
   1.89600027       3.72213945E-02   1.55348349E-02   0.00000000    
   1.89906824       3.96861732E-02   1.54250627E-02   0.00000000    
   1.90213621       4.26337346E-02   1.53165227E-02   0.00000000    
   1.90520418       3.73151749E-02   1.52092027E-02   0.00000000    
   1.90827215       4.08360213E-02   1.51030812E-02   0.00000000    
   1.91134012       3.57960537E-02   1.49981473E-02   0.00000000    
   1.91440809       3.61454487E-02   1.48943746E-02   0.00000000    
   1.91747606       4.01269719E-02   1.47917587E-02   0.00000000    
   1.92054403       3.59353386E-02   1.46902781E-02   0.00000000    
   1.92361200       3.75960395E-02   1.45899178E-02   0.00000000    
   1.92667997       3.57310809E-02   1.44906649E-02   0.00000000    
   1.92974794       3.51569355E-02   1.43924970E-02   0.00000000    
   1.93281579       3.37048881E-02   1.42954076E-02   0.00000000    
   1.93588376       3.55944410E-02   1.41993761E-02   0.00000000    
   1.93895173       3.03597506E-02   1.41043942E-02   0.00000000    
   1.94201970       3.01277637E-02   1.40104359E-02   0.00000000    
   1.94508767       3.48172635E-02   1.39175020E-02   0.00000000    
   1.94815564       3.24201696E-02   1.38255674E-02   0.00000000    
   1.95122361       3.63686010E-02   1.37346229E-02   0.00000000    
   1.95429158       3.31606865E-02   1.36446571E-02   0.00000000    
   1.95735955       3.35478038E-02   1.35556580E-02   0.00000000    
   1.96042752       3.45063247E-02   1.34676071E-02   0.00000000    
   1.96349549       3.35313864E-02   1.33804949E-02   0.00000000    
   1.96656346       3.05397362E-02   1.32943131E-02   0.00000000    
   1.96963143       3.19470242E-02   1.32090440E-02   0.00000000    
   1.97269940       3.19754742E-02   1.31246755E-02   0.00000000    
   1.97576725       2.77381204E-02   1.30412001E-02   0.00000000    
   1.97883523       2.99619399E-02   1.29586002E-02   0.00000000    
   1.98190320       2.99535301E-02   1.28768701E-02   0.00000000    
   1.98497117       3.13995555E-02   1.27959931E-02   0.00000000    
   1.98803914       3.17231566E-02   1.27159646E-02   0.00000000    
   1.99110711       2.88403984E-02   1.26367677E-02   0.00000000    
   1.99417508       3.26495878E-02   1.25583932E-02   0.00000000    
   1.99724305       3.01182810E-02   1.24808336E-02   0.00000000    
   2.00031090       3.13410200E-02   1.24040758E-02   0.00000000    
   2.00337887       2.84895301E-02   1.23281097E-02   0.00000000    
   2.00644684       2.87834760E-02   1.22529259E-02   0.00000000    
   2.00951481       2.46562194E-02   1.21785142E-02   0.00000000    
   2.01258278       2.70146392E-02   1.21048633E-02   0.00000000    
   2.01565075       2.86372658E-02   1.20319668E-02   0.00000000    
   2.01871872       2.59954315E-02   1.19598107E-02   0.00000000    
   2.02178669       2.63239909E-02   1.18883904E-02   0.00000000    
   2.02485466       2.54459623E-02   1.18176937E-02   0.00000000    
   2.02792263       2.55131479E-02   1.17477113E-02   0.00000000    
   2.03099060       2.53845379E-02   1.16784386E-02   0.00000000    
   2.03405857       2.81574335E-02   1.16098616E-02   0.00000000    
   2.03712654       2.72865184E-02   1.15419738E-02   0.00000000    
   2.04019451       2.51895376E-02   1.14747686E-02   0.00000000    
   2.04326248       2.64324751E-02   1.14082368E-02   0.00000000    
   2.04633045       2.46514603E-02   1.13423634E-02   0.00000000    
   2.04939842       2.41783280E-02   1.12771494E-02   0.00000000    
   2.05246639       2.34307200E-02   1.12125836E-02   0.00000000    
   2.05553436       2.47482155E-02   1.11486595E-02   0.00000000    
   2.05860233       2.66680904E-02   1.10853640E-02   0.00000000    
   2.06167030       2.24985257E-02   1.10226953E-02   0.00000000    
   2.06473827       2.36705132E-02   1.09606413E-02   0.00000000    
   2.06780624       2.51261275E-02   1.08992001E-02   0.00000000    
   2.07087421       2.23628767E-02   1.08383596E-02   0.00000000    
   2.07394218       2.34020501E-02   1.07781142E-02   0.00000000    
   2.07701015       2.18906011E-02   1.07184574E-02   0.00000000    
   2.08007812       2.47852691E-02   1.06593817E-02   0.00000000    
   2.08314586       2.26300992E-02   1.06008817E-02   0.00000000    
   2.08621383       2.44256090E-02   1.05429459E-02   0.00000000    
   2.08928180       2.49462128E-02   1.04855727E-02   0.00000000    
   2.09234977       2.36865897E-02   1.04287537E-02   0.00000000    
   2.09541774       2.31220033E-02   1.03724785E-02   0.00000000    
   2.09848571       2.19187252E-02   1.03167463E-02   0.00000000    
   2.10155368       2.03939732E-02   1.02615468E-02   0.00000000    
   2.10462165       1.86934769E-02   1.02068800E-02   0.00000000    
   2.10768962       2.27689967E-02   1.01527311E-02   0.00000000    
   2.11075759       2.08466779E-02   1.00991046E-02   0.00000000    
   2.11382556       2.27984842E-02   1.00459848E-02   0.00000000    
   2.11689353       2.08507106E-02   9.99336597E-03   0.00000000    
   2.11996150       2.12554689E-02   9.94124915E-03   0.00000000    
   2.12302947       2.47514341E-02   9.88962408E-03   0.00000000    
   2.12609744       2.17815265E-02   9.83848423E-03   0.00000000    
   2.12916541       2.17462685E-02   9.78783052E-03   0.00000000    
   2.13223338       2.05822941E-02   9.73765086E-03   0.00000000    
   2.13530135       1.98882557E-02   9.68794338E-03   0.00000000    
   2.13836932       2.02571489E-02   9.63870063E-03   0.00000000    
   2.14143729       2.11031586E-02   9.58991610E-03   0.00000000    
   2.14450526       1.90505013E-02   9.54158977E-03   0.00000000    
   2.14757323       2.11909860E-02   9.49371327E-03   0.00000000    
   2.15064120       1.85984652E-02   9.44627635E-03   0.00000000    
   2.15370917       2.15294454E-02   9.39928368E-03   0.00000000    
   2.15677714       2.02584490E-02   9.35272593E-03   0.00000000    
   2.15984511       2.12166198E-02   9.30659845E-03   0.00000000    
   2.16291308       1.82585940E-02   9.26089659E-03   0.00000000    
   2.16598082       2.01142840E-02   9.21561848E-03   0.00000000    
   2.16904879       2.03829631E-02   9.17075388E-03   0.00000000    
   2.17211676       1.79888159E-02   9.12629813E-03   0.00000000    
   2.17518473       1.89659260E-02   9.08225030E-03   0.00000000    
   2.17825270       1.98140126E-02   9.03860666E-03   0.00000000    
   2.18132067       1.93665903E-02   8.99536163E-03   0.00000000    
   2.18438864       1.96295269E-02   8.95250961E-03   0.00000000    
   2.18745661       1.70864332E-02   8.91004596E-03   0.00000000    
   2.19052458       1.73298810E-02   8.86796974E-03   0.00000000    
   2.19359255       1.88322123E-02   8.82627256E-03   0.00000000    
   2.19666052       1.96021926E-02   8.78495350E-03   0.00000000    
   2.19972849       1.77713335E-02   8.74400698E-03   0.00000000    
   2.20279646       1.74708869E-02   8.70343018E-03   0.00000000    
   2.20586443       1.75485443E-02   8.66321847E-03   0.00000000    
   2.20893240       1.69721823E-02   8.62337090E-03   0.00000000    
   2.21200037       1.84294879E-02   8.58387724E-03   0.00000000    
   2.21506834       1.70257706E-02   8.54473561E-03   0.00000000    
   2.21813631       1.94752757E-02   8.50594882E-03   0.00000000    
   2.22120428       1.71355754E-02   8.46750569E-03   0.00000000    
   2.22427225       1.65041350E-02   8.42940621E-03   0.00000000    
   2.22734022       1.62615459E-02   8.39164481E-03   0.00000000    
   2.23040819       1.70238279E-02   8.35421961E-03   0.00000000    
   2.23347616       1.75910816E-02   8.31712596E-03   0.00000000    
   2.23654413       1.77884139E-02   8.28036107E-03   0.00000000    
   2.23961210       1.65895913E-02   8.24392214E-03   0.00000000    
   2.24268007       1.70503110E-02   8.20780545E-03   0.00000000    
   2.24574804       1.74824428E-02   8.17200448E-03   0.00000000    
   2.24881601       1.56329162E-02   8.13652109E-03   0.00000000    
   2.25188375       1.77592561E-02   8.10135156E-03   0.00000000    
   2.25495172       1.70797110E-02   8.06648750E-03   0.00000000    
   2.25801969       1.54237160E-02   8.03193171E-03   0.00000000    
   2.26108766       1.58877652E-02   7.99767487E-03   0.00000000    
   2.26415563       1.62371416E-02   7.96372164E-03   0.00000000    
   2.26722360       1.61147006E-02   7.93006364E-03   0.00000000    
   2.27029157       1.52247790E-02   7.89669808E-03   0.00000000    
   2.27335954       1.51660824E-02   7.86362123E-03   0.00000000    
   2.27642751       1.64367650E-02   7.83083681E-03   0.00000000    
   2.27949548       1.51006542E-02   7.79833412E-03   0.00000000    
   2.28256345       1.66879054E-02   7.76611408E-03   0.00000000    
   2.28563142       1.45469941E-02   7.73417344E-03   0.00000000    
   2.28869939       1.70862675E-02   7.70250848E-03   0.00000000    
   2.29176736       1.59823112E-02   7.67111778E-03   0.00000000    
   2.29483533       1.65487863E-02   7.63999950E-03   0.00000000    
   2.29790330       1.51402336E-02   7.60914758E-03   0.00000000    
   2.30097127       1.61096808E-02   7.57856062E-03   0.00000000    
   2.30403924       1.59899779E-02   7.54824001E-03   0.00000000    
   2.30710721       1.50434691E-02   7.51817646E-03   0.00000000    
   2.31017518       1.55882267E-02   7.48837413E-03   0.00000000    
   2.31324315       1.59419402E-02   7.45882373E-03   0.00000000    
   2.31631112       1.52460365E-02   7.42952898E-03   0.00000000    
   2.31937909       1.51315369E-02   7.40048429E-03   0.00000000    
   2.32244706       1.35744233E-02   7.37168873E-03   0.00000000    
   2.32551503       1.40758445E-02   7.34313624E-03   0.00000000    
   2.32858300       1.53707219E-02   7.31483102E-03   0.00000000    
   2.33165097       1.58228166E-02   7.28676561E-03   0.00000000    
   2.33471894       1.43319555E-02   7.25893909E-03   0.00000000    
   2.33778667       1.48528358E-02   7.23134913E-03   0.00000000    
   2.34085464       1.41149405E-02   7.20399199E-03   0.00000000    
   2.34392262       1.58753302E-02   7.17686955E-03   0.00000000    
   2.34699059       1.54173970E-02   7.14997482E-03   0.00000000    
   2.35005856       1.37084555E-02   7.12330965E-03   0.00000000    
   2.35312653       1.45922173E-02   7.09686894E-03   0.00000000    
   2.35619450       1.38549432E-02   7.07065221E-03   0.00000000    
   2.35926247       1.43532176E-02   7.04465713E-03   0.00000000    
   2.36233044       1.35329328E-02   7.01888371E-03   0.00000000    
   2.36539841       1.34385237E-02   6.99332403E-03   0.00000000    
   2.36846638       1.29528483E-02   6.96798274E-03   0.00000000    
   2.37153435       1.55352363E-02   6.94285613E-03   0.00000000    
   2.37460232       1.43225659E-02   6.91793719E-03   0.00000000    
   2.37767029       1.32842129E-02   6.89323060E-03   0.00000000    
   2.38073826       1.37224589E-02   6.86872844E-03   0.00000000    
   2.38380623       1.43076563E-02   6.84443675E-03   0.00000000    
   2.38687420       1.23705268E-02   6.82034623E-03   0.00000000    
   2.38994217       1.44804642E-02   6.79645641E-03   0.00000000    
   2.39301014       1.41232740E-02   6.77277055E-03   0.00000000    
   2.39607811       1.38268881E-02   6.74928073E-03   0.00000000    
   2.39914608       1.27958534E-02   6.72598882E-03   0.00000000    
   2.40221405       1.20984111E-02   6.70289155E-03   0.00000000    
   2.40528202       1.41964825E-02   6.67998660E-03   0.00000000    
   2.40834999       1.15576694E-02   6.65727491E-03   0.00000000    
   2.41141796       1.28542027E-02   6.63475366E-03   0.00000000    
   2.41448593       1.32543640E-02   6.61242008E-03   0.00000000    
   2.41755390       1.47679839E-02   6.59027183E-03   0.00000000    
   2.42062163       1.33478539E-02   6.56830985E-03   0.00000000    
   2.42368960       1.32678505E-02   6.54653227E-03   0.00000000    
   2.42675757       1.39147518E-02   6.52493350E-03   0.00000000    
   2.42982554       1.30515071E-02   6.50351727E-03   0.00000000    
   2.43289351       1.34134786E-02   6.48227893E-03   0.00000000    
   2.43596148       1.45826265E-02   6.46121660E-03   0.00000000    
   2.43902946       1.26739135E-02   6.44033169E-03   0.00000000    
   2.44209743       1.23476787E-02   6.41961908E-03   0.00000000    
   2.44516540       1.23007800E-02   6.39907969E-03   0.00000000    
   2.44823337       1.23284124E-02   6.37871213E-03   0.00000000    
   2.45130134       1.31114256E-02   6.35851314E-03   0.00000000    
   2.45436931       1.28343021E-02   6.33848272E-03   0.00000000    
   2.45743728       1.26137976E-02   6.31861947E-03   0.00000000    
   2.46050525       1.20565463E-02   6.29892061E-03   0.00000000    
   2.46357322       1.23777585E-02   6.27938611E-03   0.00000000    
   2.46664119       1.25042042E-02   6.26001554E-03   0.00000000    
   2.46970916       1.25740450E-02   6.24080608E-03   0.00000000    
   2.47277713       1.26722651E-02   6.22175680E-03   0.00000000    
   2.47584510       1.22019732E-02   6.20286493E-03   0.00000000    
   2.47891307       1.15631567E-02   6.18412951E-03   0.00000000    
   2.48198104       1.31858354E-02   6.16555288E-03   0.00000000    
   2.48504901       1.32081024E-02   6.14712946E-03   0.00000000    
   2.48811698       1.20969424E-02   6.12885971E-03   0.00000000    
   2.49118495       1.23074241E-02   6.11074315E-03   0.00000000    
   2.49425292       1.39638307E-02   6.09277748E-03   0.00000000    
   2.49732089       1.23568261E-02   6.07495988E-03   0.00000000    
   2.50038886       1.18627287E-02   6.05729176E-03   0.00000000    
   2.50345683       1.23533281E-02   6.03977358E-03   0.00000000    
   2.50652456       1.27588473E-02   6.02240022E-03   0.00000000    
   2.50959253       1.19585712E-02   6.00517169E-03   0.00000000    
   2.51266050       1.19987018E-02   5.98808751E-03   0.00000000    
   2.51572847       1.29166087E-02   5.97114488E-03   0.00000000    
   2.51879644       1.21861557E-02   5.95434429E-03   0.00000000    
   2.52186441       1.23864803E-02   5.93768526E-03   0.00000000    
   2.52493238       1.28253056E-02   5.92116453E-03   0.00000000    
   2.52800035       1.13463392E-02   5.90478536E-03   0.00000000    
   2.53106833       1.30581139E-02   5.88853797E-03   0.00000000    
   2.53413630       1.19255399E-02   5.87243075E-03   0.00000000    
   2.53720427       1.18325679E-02   5.85645996E-03   0.00000000    
   2.54027224       1.10208057E-02   5.84062096E-03   0.00000000    
   2.54334021       1.11110108E-02   5.82491513E-03   0.00000000    
   2.54640818       1.09277284E-02   5.80934156E-03   0.00000000    
   2.54947615       1.13844527E-02   5.79389976E-03   0.00000000    
   2.55254412       1.04173003E-02   5.77858835E-03   0.00000000    
   2.55561209       1.07069658E-02   5.76340640E-03   0.00000000    
   2.55868006       1.24405222E-02   5.74835064E-03   0.00000000    
   2.56174803       1.14052380E-02   5.73342294E-03   0.00000000    
   2.56481600       1.06764100E-02   5.71862375E-03   0.00000000    
   2.56788397       1.06527749E-02   5.70394890E-03   0.00000000    
   2.57095194       1.11492407E-02   5.68939699E-03   0.00000000    
   2.57401991       1.00324098E-02   5.67497080E-03   0.00000000    
   2.57708788       1.12248287E-02   5.66066569E-03   0.00000000    
   2.58015585       1.08055873E-02   5.64648211E-03   0.00000000    
   2.58322382       1.19672334E-02   5.63242007E-03   0.00000000    
   2.58629179       1.09458594E-02   5.61847771E-03   0.00000000    
   2.58935976       1.13150850E-02   5.60465548E-03   0.00000000    
   2.59242749       1.10317608E-02   5.59095154E-03   0.00000000    
   2.59549546       1.06102144E-02   5.57736447E-03   0.00000000    
   2.59856343       8.83768220E-03   5.56389475E-03   0.00000000    
   2.60163140       1.07583143E-02   5.55053912E-03   0.00000000    
   2.60469937       9.47124604E-03   5.53729990E-03   0.00000000    
   2.60776734       1.07543329E-02   5.52417338E-03   0.00000000    
   2.61083531       1.07132504E-02   5.51116187E-03   0.00000000    
   2.61390328       1.14916125E-02   5.49826166E-03   0.00000000    
   2.61697125       1.07312212E-02   5.48547460E-03   0.00000000    
   2.62003922       1.04719130E-02   5.47279650E-03   0.00000000    
   2.62310719       9.95126832E-03   5.46022970E-03   0.00000000    
   2.62617517       1.00297835E-02   5.44777326E-03   0.00000000    
   2.62924314       1.00674666E-02   5.43542486E-03   0.00000000    
   2.63231111       1.04363887E-02   5.42318402E-03   0.00000000    
   2.63537908       1.15857273E-02   5.41105075E-03   0.00000000    
   2.63844705       9.97679960E-03   5.39902365E-03   0.00000000    
   2.64151502       9.94199235E-03   5.38710225E-03   0.00000000    
   2.64458299       1.06095457E-02   5.37528796E-03   0.00000000    
   2.64765096       1.13843642E-02   5.36357658E-03   0.00000000    
   2.65071893       9.74499341E-03   5.35196951E-03   0.00000000    
   2.65378690       9.18709673E-03   5.34046395E-03   0.00000000    
   2.65685487       1.05957268E-02   5.32906270E-03   0.00000000    
   2.65992284       1.07796872E-02   5.31776203E-03   0.00000000    
   2.66299081       9.90615040E-03   5.30656287E-03   0.00000000    
   2.66605878       9.43953358E-03   5.29546430E-03   0.00000000    
   2.66912675       1.03187812E-02   5.28446538E-03   0.00000000    
   2.67219472       1.02344500E-02   5.27356612E-03   0.00000000    
   2.67526245       1.00935586E-02   5.26276557E-03   0.00000000    
   2.67833042       9.72498115E-03   5.25206141E-03   0.00000000    
   2.68139839       1.03434986E-02   5.24145551E-03   0.00000000    
   2.68446636       1.01831900E-02   5.23094554E-03   0.00000000    
   2.68753433       1.14906132E-02   5.22053242E-03   0.00000000    
   2.69060230       1.01763541E-02   5.21021476E-03   0.00000000    
   2.69367027       9.80264600E-03   5.19999070E-03   0.00000000    
   2.69673824       9.35907103E-03   5.18986303E-03   0.00000000    
   2.69980621       1.04825730E-02   5.17982757E-03   0.00000000    
   2.70287418       9.76026338E-03   5.16988663E-03   0.00000000    
   2.70594215       9.84576624E-03   5.16003696E-03   0.00000000    
   2.70901012       9.17785242E-03   5.15027903E-03   0.00000000    
   2.71207809       9.18075815E-03   5.14061376E-03   0.00000000    
   2.71514606       9.95816011E-03   5.13103837E-03   0.00000000    
   2.71821404       1.02550611E-02   5.12155471E-03   0.00000000    
   2.72128201       9.77648981E-03   5.11215953E-03   0.00000000    
   2.72434998       9.10259970E-03   5.10285515E-03   0.00000000    
   2.72741795       9.65341832E-03   5.09363879E-03   0.00000000    
   2.73048592       9.49029531E-03   5.08451136E-03   0.00000000    
   2.73355389       9.49053280E-03   5.07547101E-03   0.00000000    
   2.73662186       9.63213760E-03   5.06651914E-03   0.00000000    
   2.73968983       1.00737242E-02   5.05765202E-03   0.00000000    
   2.74275780       8.93616304E-03   5.04887383E-03   0.00000000    
   2.74582577       9.07539576E-03   5.04017947E-03   0.00000000    
   2.74889374       9.74342693E-03   5.03157126E-03   0.00000000    
   2.75196171       1.02454852E-02   5.02304872E-03   0.00000000    
   2.75502968       9.79429670E-03   5.01461001E-03   0.00000000    
   2.75809765       8.37751105E-03   5.00625418E-03   0.00000000    
   2.76116538       1.00459298E-02   4.99798451E-03   0.00000000    
   2.76423335       8.77217017E-03   4.98979585E-03   0.00000000    
   2.76730132       9.10247769E-03   4.98169148E-03   0.00000000    
   2.77036929       8.62594042E-03   4.97366721E-03   0.00000000    
   2.77343726       8.55593197E-03   4.96572675E-03   0.00000000    
   2.77650523       1.04936808E-02   4.95786639E-03   0.00000000    
   2.77957320       9.62561183E-03   4.95008705E-03   0.00000000    
   2.78264117       8.83319229E-03   4.94238827E-03   0.00000000    
   2.78570914       8.79019219E-03   4.93477006E-03   0.00000000    
   2.78877711       8.76694638E-03   4.92723146E-03   0.00000000    
   2.79184508       8.58076382E-03   4.91977111E-03   0.00000000    
   2.79491305       9.12660453E-03   4.91239084E-03   0.00000000    
   2.79798102       9.58839431E-03   4.90508974E-03   0.00000000    
   2.80104899       9.51094087E-03   4.89786454E-03   0.00000000    
   2.80411696       1.04913171E-02   4.89071896E-03   0.00000000    
   2.80718493       1.00480169E-02   4.88365022E-03   0.00000000    
   2.81025290       8.93015135E-03   4.87665832E-03   0.00000000    
   2.81332088       8.94405413E-03   4.86974372E-03   0.00000000    
   2.81638885       9.22457594E-03   4.86290548E-03   0.00000000    
   2.81945682       8.04180373E-03   4.85614175E-03   0.00000000    
   2.82252479       9.95661318E-03   4.84945439E-03   0.00000000    
   2.82559276       9.20736231E-03   4.84284107E-03   0.00000000    
   2.82866073       9.52733401E-03   4.83630458E-03   0.00000000    
   2.83172870       8.07907805E-03   4.82984120E-03   0.00000000    
   2.83479667       8.52644071E-03   4.82345279E-03   0.00000000    
   2.83786464       8.93907808E-03   4.81713749E-03   0.00000000    
   2.84093261       9.99461859E-03   4.81089577E-03   0.00000000    
   2.84400058       8.53729807E-03   4.80472762E-03   0.00000000    
   2.84706831       8.71802028E-03   4.79863212E-03   0.00000000    
   2.85013628       8.31937790E-03   4.79261158E-03   0.00000000    
   2.85320425       9.73141287E-03   4.78665950E-03   0.00000000    
   2.85627222       9.12458822E-03   4.78078146E-03   0.00000000    
   2.85934019       9.14716348E-03   4.77497512E-03   0.00000000    
   2.86240816       8.39419942E-03   4.76923957E-03   0.00000000    
   2.86547613       9.20766033E-03   4.76357434E-03   0.00000000    
   2.86854410       8.97790305E-03   4.75798035E-03   0.00000000    
   2.87161207       8.58246628E-03   4.75245807E-03   0.00000000    
   2.87468004       8.92409869E-03   4.74700471E-03   0.00000000    
   2.87774801       8.16497672E-03   4.74162167E-03   0.00000000    
   2.88081598       9.40961950E-03   4.73630708E-03   0.00000000    
   2.88388395       8.80980119E-03   4.73106466E-03   0.00000000    
   2.88695192       8.81484523E-03   4.72588791E-03   0.00000000    
   2.89001989       8.11388250E-03   4.72078286E-03   0.00000000    
   2.89308786       8.80227238E-03   4.71574534E-03   0.00000000    
   2.89615583       9.02913604E-03   4.71077487E-03   0.00000000    
   2.89922380       8.64215661E-03   4.70587425E-03   0.00000000    
   2.90229177       9.29652154E-03   4.70104069E-03   0.00000000    
   2.90535975       9.56612825E-03   4.69627511E-03   0.00000000    
   2.90842772       8.19183141E-03   4.69157612E-03   0.00000000    
   2.91149569       7.82786496E-03   4.68694465E-03   0.00000000    
   2.91456366       8.78380518E-03   4.68237977E-03   0.00000000    
   2.91763163       9.31058917E-03   4.67788195E-03   0.00000000    
   2.92069960       9.27686691E-03   4.67345025E-03   0.00000000    
   2.92376757       8.19252245E-03   4.66908514E-03   0.00000000    
   2.92683554       9.53149330E-03   4.66478616E-03   0.00000000    
   2.92990327       8.31856392E-03   4.66055237E-03   0.00000000    
   2.93297124       7.52591575E-03   4.65638470E-03   0.00000000    
   2.93603921       7.88544025E-03   4.65228222E-03   0.00000000    
   2.93910718       8.01363587E-03   4.64824447E-03   0.00000000    
   2.94217515       9.07038804E-03   4.64427192E-03   0.00000000    
   2.94524312       8.23495351E-03   4.64036362E-03   0.00000000    
   2.94831109       8.93410295E-03   4.63652005E-03   0.00000000    
   2.95137906       7.47230882E-03   4.63274168E-03   0.00000000    
   2.95444703       8.08672048E-03   4.62902756E-03   0.00000000    
   2.95751500       9.03164037E-03   4.62537678E-03   0.00000000    
   2.96058297       7.78244389E-03   4.62178979E-03   0.00000000    
   2.96365094       8.55539832E-03   4.61826613E-03   0.00000000    
   2.96671891       6.96197292E-03   4.61480627E-03   0.00000000    
   2.96978688       8.46804958E-03   4.61140927E-03   0.00000000    
   2.97285485       9.38381255E-03   4.60807700E-03   0.00000000    
   2.97592282       8.15646630E-03   4.60480619E-03   0.00000000    
   2.97899079       8.91751796E-03   4.60159732E-03   0.00000000    
   2.98205876       8.31403583E-03   4.59845411E-03   0.00000000    
   2.98512673       8.23013019E-03   4.59537143E-03   0.00000000    
   2.98819470       7.28992000E-03   4.59235022E-03   0.00000000    
   2.99126267       7.80522078E-03   4.58939280E-03   0.00000000    
   2.99433064       7.83144776E-03   4.58649592E-03   0.00000000    
   2.99739861       8.62182584E-03   4.58366144E-03   0.00000000    
   3.00046659       8.20126943E-03   4.58088936E-03   0.00000000    
   3.00353456       9.38651804E-03   4.57817782E-03   0.00000000    
   3.00660253       8.20560846E-03   4.57552960E-03   0.00000000    
   3.00967050       8.64703115E-03   4.57294192E-03   0.00000000    
   3.01273847       7.92416837E-03   4.57041571E-03   0.00000000    
   3.01580620       8.36569350E-03   4.56795003E-03   0.00000000    
   3.01887417       7.87447300E-03   4.56554443E-03   0.00000000    
   3.02194214       7.52845453E-03   4.56320029E-03   0.00000000    
   3.02501011       8.55773780E-03   4.56091808E-03   0.00000000    
   3.02807808       8.64989217E-03   4.55869641E-03   0.00000000    
   3.03114605       9.34490468E-03   4.55653388E-03   0.00000000    
   3.03421402       8.12703557E-03   4.55443282E-03   0.00000000    
   3.03728199       8.56018532E-03   4.55239229E-03   0.00000000    
   3.04034996       8.69076326E-03   4.55041137E-03   0.00000000    
   3.04341793       8.56438652E-03   4.54849144E-03   0.00000000    
   3.04648590       8.49437714E-03   4.54662973E-03   0.00000000    
   3.04955387       8.06051027E-03   4.54482948E-03   0.00000000    
   3.05262184       8.30517430E-03   4.54308884E-03   0.00000000    
   3.05568981       7.79760769E-03   4.54140827E-03   0.00000000    
   3.05875778       9.03431699E-03   4.53978777E-03   0.00000000    
   3.06182575       8.08022078E-03   4.53822548E-03   0.00000000    
   3.06489372       8.22184328E-03   4.53672372E-03   0.00000000    
   3.06796169       8.18217825E-03   4.53528110E-03   0.00000000    
   3.07102966       8.55905935E-03   4.53389809E-03   0.00000000    
   3.07409763       8.67591240E-03   4.53257374E-03   0.00000000    
   3.07716560       8.45451001E-03   4.53131041E-03   0.00000000    
   3.08023357       8.15917552E-03   4.53010341E-03   0.00000000    
   3.08330154       8.77823867E-03   4.52895835E-03   0.00000000    
   3.08636951       8.64575617E-03   4.52787057E-03   0.00000000    
   3.08943748       8.84524919E-03   4.52684192E-03   0.00000000    
   3.09250546       8.72744061E-03   4.52587428E-03   0.00000000    
   3.09557343       8.45673122E-03   4.52496344E-03   0.00000000    
   3.09864140       7.88543560E-03   4.52411268E-03   0.00000000    
   3.10170913       7.81809352E-03   4.52332012E-03   0.00000000    
   3.10477710       7.57071702E-03   4.52258764E-03   0.00000000    
   3.10784507       7.60859344E-03   4.52191243E-03   0.00000000    
   3.11091304       8.61006975E-03   4.52129729E-03   0.00000000    
   3.11398101       8.74351617E-03   4.52074036E-03   0.00000000    
   3.11704898       7.42251147E-03   4.52024117E-03   0.00000000    
   3.12011695       8.15017149E-03   4.51980159E-03   0.00000000    
   3.12318492       8.34319741E-03   4.51942114E-03   0.00000000    
   3.12625289       7.28604663E-03   4.51909844E-03   0.00000000    
   3.12932086       7.60349911E-03   4.51883534E-03   0.00000000    
   3.13238883       7.56830210E-03   4.51862998E-03   0.00000000    
   3.13545680       8.47436860E-03   4.51848330E-03   0.00000000    
   3.13852477       3.67487082E-03   4.51839482E-03   0.00000000    
