  -5.0000000000000000        5.6146387454880351E-054   3.7720414934594902E-045
  -4.9900000002235174        7.9655598981112478E-054   5.0484168010286644E-045
  -4.9800000004470348        1.1295192838711083E-053   6.7538745460859088E-045
  -4.9700000006705523        1.6008618120126956E-053   9.0317065658060964E-045
  -4.9600000008940697        2.2677589651049934E-053   1.2072735701267245E-044
  -4.9500000011175871        3.2108705215955139E-053   1.6130974732541760E-044
  -4.9400000013411045        4.5439290987543343E-053   2.1544408384645396E-044
  -4.9300000015646219        6.4272197994207536E-053   2.8762562709016931E-044
  -4.9200000017881393        9.0865205067184178E-053   3.8383062953441677E-044
  -4.9100000020116568        1.2839701362063167E-052   5.1200089726159440E-044
  -4.9000000022351742        1.8134061612287517E-052   6.8268578467363436E-044
  -4.8900000024586916        2.5598711395466853E-052   9.0989240825852365E-044
  -4.8800000026822090        3.6118023309773523E-052   1.2122111298921422E-043
  -4.8700000029057264        5.0934576156360058E-052   1.6143047951766271E-043
  -4.8600000031292439        7.1793358810885524E-052   2.1488784492630320E-043
  -4.8500000033527613        1.0114366819665160E-051   2.8592834337357163E-043
  -4.8400000035762787        1.4242163960105069E-051   3.8029587052427204E-043
  -4.8300000037997961        2.0044540960480719E-051   5.0559765986258204E-043
  -4.8200000040233135        2.8196753095715532E-051   6.7190449220021546E-043
  -4.8100000042468309        3.9644682193228094E-051   8.9254285598452673E-043
  -4.8000000044703484        5.5712626447913634E-051   1.1851399981109316E-042
  -4.7900000046938658        7.8253753435225305E-051   1.5730020084077892E-042
  -4.7800000049173832        1.0985999507618131E-050   2.0869302902267019E-042
  -4.7700000051409006        1.5415471958958524E-050   2.7676148485004672E-042
  -4.7600000053644180        2.1620061685930761E-050   3.6687862130163291E-042
  -4.7500000055879354        3.0306786159139077E-050   4.8613646955002471E-042
  -4.7400000058114529        4.2462513049647526E-050   6.4389202191060555E-042
  -4.7300000060349703        5.9464032178156697E-050   8.5248535978792950E-042
  -4.7200000062584877        8.3231144968248510E-050   1.1281837984035493E-041
  -4.7100000064820051        1.1643947430650032E-049   1.4924226511187841E-041
  -4.7000000067055225        1.6281614053544123E-049   1.9734351032629032E-041
  -4.6900000069290400        2.2755036075804613E-049   2.6083923050171759E-041
  -4.6800000071525574        3.1786334819410006E-049   3.4462121997105881E-041
  -4.6700000073760748        4.4379891055862371E-049   4.5512444744618183E-041
  -4.6600000075995922        6.1931965423630708E-049   6.0081028398077247E-041
  -4.6500000078231096        8.6382614858564401E-049   7.9279991502171789E-041
  -4.6400000080466270        1.2042611684488264E-048   1.0457042570104627E-040
  -4.6300000082701445        1.6780228556634708E-048   1.3787108745071553E-040
  -4.6200000084936619        2.3369957028484658E-048   1.8170068731873946E-040
  -4.6100000087171793        3.2531254297241733E-048   2.3936408234898696E-040
  -4.6000000089406967        4.5261251268209604E-048   3.1519581325227838E-040
  -4.5900000091642141        6.2941219951529432E-048   4.1487851132580764E-040
  -4.5800000093877316        8.7483592580626747E-048   5.4585901354379848E-040
  -4.5700000096112490        1.2153487402944260E-047   7.1789193593944423E-040
  -4.5600000098347664        1.6875555351040855E-047   9.4374944195086524E-040
  -4.5500000100582838        2.3420603682321160E-047   1.2401476215970222E-039
  -4.5400000102818012        3.2487848350579649E-047   1.6289550693417835E-039
  -4.5300000105053186        4.5042933416927361E-047   2.1387689492370577E-039
  -4.5200000107288361        6.2418774232752008E-047   2.8069694060180674E-039
  -4.5100000109523535        8.6454311845845824E-047   3.6823963543636173E-039
  -4.5000000111758709        1.1968533328168242E-046   4.8288356976445869E-039
  -4.4900000113993883        1.6560676036003400E-046   6.3295577898122238E-039
  -4.4800000116229057        2.2903298970925773E-046   8.2932232028123674E-039
  -4.4700000118464231        3.1659268476402711E-046   1.0861564430352483E-038
  -4.4600000120699406        4.3740783910217776E-046   1.4219373285112866E-038
  -4.4500000122934580        6.0402526027766940E-046   1.8607480478256775E-038
  -4.4400000125169754        8.3369364882342732E-046   2.4339616584878558E-038
  -4.4300000127404928        1.1501135964180941E-045   3.1824305672774205E-038
  -4.4200000129640102        1.5858344024166210E-045   4.1593281537657127E-038
  -4.4100000131875277        2.1855350973346865E-045   5.4338353938158891E-038
  -4.4000000134110451        3.0105135628844831E-045   7.0959217025109529E-038
  -4.3900000136345625        4.1448254298834109E-045   9.2625421066547730E-038
  -4.3800000138580799        5.7036747532322059E-045   1.2085666885189559E-037
  -4.3700000140815973        7.8448765465874596E-045   1.5762681058018707E-037
  -4.3600000143051147        1.0784507767670014E-044   2.0549847367604590E-037
  -4.3500000145286322        1.4818266270467889E-044   2.6779727711225146E-037
  -4.3400000147521496        2.0350604490487960E-044   3.4883717218626913E-037
  -4.3300000149756670        2.7934447511836737E-044   4.5421178849534180E-037
  -4.3200000151991844        3.8325313089637413E-044   5.9117095696677678E-037
  -4.3100000154227018        5.2555018015007275E-044   7.6910710287905606E-037
  -4.3000000156462193        7.2032007733901683E-044   1.0001832989732653E-036
  -4.2900000158697367        9.8677855656895438E-044   1.3001438879183509E-036
  -4.2800000160932541        1.3511287635699704E-043   1.6893602954810514E-036
  -4.2700000163167715        1.8490839483100392E-043   2.1941796914202266E-036
  -4.2600000165402889        2.5292943291088559E-043   2.8486634490379447E-036
  -4.2500000167638063        3.4579998079200548E-043   3.6968271015662804E-036
  -4.2400000169873238        4.7253438034148009E-043   4.7955252215562695E-036
  -4.2300000172108412        6.4539368578431837E-043   6.2181653094137432E-036
  -4.2200000174343586        8.8104657044201407E-043   8.0594868607903158E-036
  -4.2100000176578760        1.2021422766980580E-042   1.0441708469845469E-035
  -4.2000000178813934        1.6394407622852851E-042   1.3522431173628048E-035
  -4.1900000181049109        2.2346959408246781E-042   1.7504795425748271E-035
  -4.1800000183284283        3.0445562621515238E-042   2.2650528699823024E-035
  -4.1700000185519457        4.1458388863941368E-042   2.9296699166981354E-035
  -4.1600000187754631        5.6426575012322595E-042   3.7877218867084899E-035
  -4.1500000189989805        7.6760503089125967E-042   4.8950430920752037E-035
  -4.1400000192224979        1.0436978466913946E-041   6.3234486938851115E-035
  -4.1300000194460154        1.4183865854805696E-041   8.1652694918205541E-035
  -4.1200000196695328        1.9266254629999572E-041   1.0539162258489277E-034
  -4.1100000198930502        2.6156692638237548E-041   1.3597551196094155E-034
  -4.1000000201165676        3.5493695175670263E-041   1.7536154310285549E-034
  -4.0900000203400850        4.8139597422596387E-041   2.2606173589408248E-034
  -4.0800000205636024        6.5258418652215973E-041   2.9129887130912142E-034
  -4.0700000207871199        8.8420606624311379E-041   3.7520584009383647E-034
  -4.0600000210106373        1.1974386926174215E-040   4.8308040445641845E-034
  -4.0500000212341547        1.6208242929168384E-040   6.2171063556965375E-034
  -4.0400000214576721        2.1928122060955934E-040   7.9979045446324653E-034
  -4.0300000216811895        2.9651713517715392E-040   1.0284499942801918E-033
  -4.0200000219047070        4.0075689561898256E-040   1.3219322191387655E-033
  -4.0100000221282244        5.4137109588208528E-040   1.6984557600527720E-033
  -4.0000000223517418        7.3095725105453937E-040   2.1813147433458065E-033
  -3.9900000225752592        9.8644243195092707E-040   2.8002801006920053E-033
  -3.9800000227987766        1.3305596975153474E-039   3.5933842315724828E-033
  -3.9700000230222940        1.7938240267226995E-039   4.6091929098783128E-033
  -3.9600000232458115        2.4171753772404524E-039   5.9096962125265668E-033
  -3.9500000234693289        3.2555122906893884E-039   7.5739855458520380E-033
  -3.9400000236928463        4.3824136714795573E-039   9.7029285053606961E-033
  -3.9300000239163637        5.8964450138745787E-039   1.2425109784211499E-032
  -3.9200000241398811        7.9295764209161301E-039   1.5904377742267193E-032
  -3.9100000243633986        1.0658413813153017E-038   2.0349426460353158E-032
  -3.9000000245869160        1.4319175740792606E-038   2.6025957042008075E-032
  -3.8900000248104334        1.9227654670110369E-038   3.3272105763092985E-032
  -3.8800000250339508        2.5805807936586218E-038   4.2518008174420394E-032
  -3.8700000252574682        3.4617162002678257E-038   5.4310597196317311E-032
  -3.8600000254809856        4.6413926815026566E-038   6.9345021872397162E-032
  -3.8500000257045031        6.2199661116751564E-038   8.8504437176859717E-032
  -3.8400000259280205        8.3312578639646353E-038   1.1291037343215791E-031
  -3.8300000261515379        1.1153623685136791E-037   1.4398647075443025E-031
  -3.8200000263750553        1.4924653303354558E-037   1.8353908993201615E-031
  -3.8100000265985727        1.9960681632916555E-037   2.3385922440395547E-031
  -3.8000000268220901        2.6682673195677289E-037   2.9785128633915265E-031
  -3.7900000270456076        3.5650543825688474E-037   3.7919578308905998E-031
  -3.7800000272691250        4.7608646404930624E-037   4.8255471344376790E-031
  -3.7700000274926424        6.3546020933747516E-037   6.1383078994625926E-031
  -3.7600000277161598        8.4776160166238440E-037   7.8049445131290146E-031
  -3.7500000279396772        1.1304255761023979E-036   9.9199621441929066E-031
  -3.7400000281631947        1.5065829937974924E-036   1.2602864115970461E-030
  -3.7300000283867121        2.0069058527565016E-036   1.6004699950498630E-030
  -3.7200000286102295        2.6720451421168092E-036   2.0316311518192032E-030
  -3.7100000288337469        3.5558500223763104E-036   2.5778713165487128E-030
  -3.7000000290572643        4.7296165503974760E-036   3.2696152401704979E-030
  -3.6900000292807817        6.2876923191645110E-036   4.1452536252135297E-030
  -3.6800000295042992        8.3548659144570572E-036   5.2532081639395160E-030
  -3.6700000297278166        1.1096104538986524E-035   6.6545264749725609E-030
  -3.6600000299513340        1.4729379360923612E-035   8.4261414995846903E-030
  -3.6500000301748514        1.9542548955735129E-035   1.0664963724557712E-029
  -3.6400000303983688        2.5915573390177152E-035   1.3493016804302660E-029
  -3.6300000306218863        3.4349726903497745E-035   1.7063879824418169E-029
  -3.6200000308454037        4.5505994261397130E-035   2.1570765146970056E-029
  -3.6100000310689211        6.0255511802007881E-035   2.7256642690755774E-029
  -3.6000000312924385        7.9745797272302567E-035   3.4426923584065965E-029
  -3.5900000315159559        1.0548766563249420E-034   4.3465343293434465E-029
  -3.5800000317394733        1.3946923284082717E-034   5.4853842671285037E-029
  -3.5700000319629908        1.8430537248895100E-034   6.9197442432120996E-029
  -3.5600000321865082        2.4343354909134486E-034   8.7255351723388878E-029
  -3.5500000324100256        3.2137028609063137E-034   1.0997985630235237E-028
  -3.5400000326335430        4.2404686883824272E-034   1.3856491072743076E-028
  -3.5300000328570604        5.5924853465116151E-034   1.7450682969905570E-028
  -3.5200000330805779        7.3718875463417722E-034   2.1968005823583258E-028
  -3.5100000333040953        9.7125977201475763E-034   2.7643172594465697E-028
  -3.5000000335276127        1.2790129854277942E-033   3.4769959085724632E-028
  -3.4900000337511301        1.6834389021298316E-033   4.3715909469496846E-028
  -3.4800000339746475        2.2146373340058226E-033   5.4940663528115901E-028
  -3.4700000341981649        2.9119956886057054E-033   6.9018787645739023E-028
  -3.4600000344216824        3.8270284533329182E-033   8.6668203939128072E-028
  -3.4500000346451998        5.0270766531036090E-033   1.0878557479193523E-027
  -3.4400000348687172        6.6001252390761060E-033   1.3649032532918226E-027
  -3.4300000350922346        8.6610729843595500E-033   1.7117938866784813E-027
  -3.4200000353157520        1.1359888609587175E-032   2.1459525612289590E-027
  -3.4100000355392694        1.4892215093046029E-032   2.6891052911410432E-027
  -3.4000000357627869        1.9513149880671696E-032   3.3683292859613262E-027
  -3.3900000359863043        2.5555142870110387E-032   4.2173565498154976E-027
  -3.3800000362098217        3.3451230584447272E-032   5.2781914799834390E-027
  -3.3700000364333391        4.3765181856654097E-032   6.6031172240676429E-027
  -3.3600000366568565        5.7230590724685946E-032   8.2571831424730191E-027
  -3.3500000368803740        7.4801545772357168E-032   1.0321287397188602E-026
  -3.3400000371038914        9.7718269948868522E-032   1.2895995386576420E-026
  -3.3300000373274088        1.2759210985288494E-031   1.6106267618982533E-026
  -3.3200000375509262        1.6651552127448162E-031   2.0107311075160594E-026
  -3.3100000377744436        2.1720432881021627E-031   2.5091817878037662E-026
  -3.3000000379979610        2.8318163454312167E-031   3.1298916283706346E-026
  -3.2900000382214785        3.6901544590381375E-031   3.9025234219396646E-026
  -3.2800000384449959        4.8062555454307280E-031   4.8638567991297776E-026
  -3.2700000386685133        6.2567964202605444E-031   6.0594762242995410E-026
  -3.2600000388920307        8.1410429008190474E-031   7.5458546501628778E-026
  -3.2500000391155481        1.0587438851914408E-030   9.3929244492709059E-026
  -3.2400000393390656        1.3762097791398584E-030   1.1687248190623875E-025
  -3.2300000395625830        1.7879740726350297E-030   1.4535927508768833E-025
  -3.2200000397861004        2.3217777600774061E-030   1.8071419773958273E-025
  -3.2100000400096178        3.0134426430165076E-030   2.2457470799830668E-025
  -3.2000000402331352        3.9092015763611265E-030   2.7896418985577331E-025
  -3.1900000404566526        5.0686937685401502E-030   3.4638183990820284E-025
  -3.1800000406801701        6.5688129407151913E-030   4.2991323607446533E-025
  -3.1700000409036875        8.5086486108341252E-030   5.3336628752632619E-025
  -3.1600000411272049        1.1015827720383134E-029   6.6143831903883202E-025
  -3.1500000413507223        1.4254649222461670E-029   8.1992133017185362E-025
  -3.1400000415742397        1.8436513124529222E-029   1.0159540410350770E-024
  -3.1300000417977571        2.3833284205877009E-029   1.2583312537211324E-024
  -3.1200000420212746        3.0794407298904532E-029   1.5578833969359270E-024
  -3.1100000422447920        3.9768815891605099E-029   1.9279419721108277E-024
  -3.1000000424683094        5.1332961872817201E-029   2.3849100930070766E-024
  -3.0900000426918268        6.6226657960729006E-029   2.9489615417362790E-024
  -3.0800000429153442        8.5398886561071921E-029   3.6448969149280762E-024
  -3.0700000431388617        1.1006631584771994E-028   4.5031917016356632E-024
  -3.0600000433623791        1.4178800906404469E-028   5.5612787582685279E-024
  -3.0500000435858965        1.8256075851170494E-028   6.8651169144542661E-024
  -3.0400000438094139        2.3494067459823304E-028   8.4711087070439265E-024
  -3.0300000440329313        3.0219817977465224E-028   1.0448443920539497E-023
  -3.0200000442564487        3.8851548188308047E-028   1.2881962222462567E-023
  -3.0100000444799662        4.9923803811425731E-028   1.5875648339562752E-023
  -3.0000000447034836        6.4119460398454041E-028   1.9556897671636630E-023
  -2.9900000449270010        8.2310436092962932E-028   2.4081719885082276E-023
  -2.9800000451505184        1.0560945445774184E-027   2.9641083955304883E-023
  -2.9700000453740358        1.3543582218548036E-027   3.6468651646888843E-023
  -2.9600000455975533        1.7359897262275490E-027   4.4850199113658227E-023
  -2.9500000458210707        2.2240451806112201E-027   5.5135090071880842E-023
  -2.9400000460445881        2.8478880494311530E-027   6.7750241142619730E-023
  -2.9300000462681055        3.6448954335427914E-027   8.3217113234742325E-023
  -2.9200000464916229        4.6626206930885317E-027   1.0217237557062644E-022
  -2.9100000467151403        5.9615330057168993E-027   1.2539302513765885E-022
  -2.9000000469386578        7.6184859591561112E-027   1.5382690878320190E-022
  -2.8900000471621752        9.7311068890766462E-027   1.8862979362965393E-022
  -2.8800000473856926        1.2423348472526397E-026   2.3121037090004939E-022
  -2.8700000476092100        1.5852506660180834E-026   2.8328486693268526E-022
  -2.8600000478327274        2.0218087611229087E-026   3.4694328310705039E-022
  -2.8500000480562449        2.5773004924723707E-026   4.2472970557335701E-022
  -2.8400000482797623        3.2837712189286611E-026   5.1973963042285570E-022
  -2.8300000485032797        4.1818031001914680E-026   6.3573785744738623E-022
  -2.8200000487267971        5.3227629000233047E-026   7.7730123650125306E-022
  -2.8100000489503145        6.7716345917511196E-026   9.4999142933962856E-022
  -2.8000000491738319        8.6105870428247760E-026   1.1605639061472174E-021
  -2.7900000493973494        1.0943465182861774E-025   1.4172206650453826E-021
  -2.7800000496208668        1.3901440734421389E-025   1.7299156868161761E-021
  -2.7700000498443842        1.7650118166032320E-025   2.1107239662528276E-021
  -2.7600000500679016        2.2398465945468897E-025   2.5742871560571591E-021
  -2.7500000502914190        2.8410036072897151E-025   3.1383514908112961E-021
  -2.7400000505149364        3.6017050786024151E-025   3.8244168128572439E-021
  -2.7300000507384539        4.5638079873873122E-025   4.6585193009990564E-021
  -2.7200000509619713        5.7800212186931632E-025   5.6721750284587399E-021
  -2.7100000511854887        7.3166849338450980E-025   6.9035168933968503E-021
  -2.7000000514090061        9.2572528974654934E-025   8.3986639461266984E-021
  -2.6900000516325235        1.1706653262965556E-024   1.0213369887283578E-020
  -2.6800000518560410        1.4796746551392154E-024   1.2415006774981031E-020
  -2.6700000520795584        1.8693153295493521E-024   1.5084951046887906E-020
  -2.6600000523030758        2.3603790577076139E-024   1.8321452180418792E-020
  -2.6500000525265932        2.9789539570259074E-024   2.2243080090937478E-020
  -2.6400000527501106        3.7577569056665741E-024   2.6992866190919305E-020
  -2.6300000529736280        4.7377967442347321E-024   3.2743275480195540E-020
  -2.6200000531971455        5.9704493930661360E-024   3.9702173794067060E-020
  -2.6100000534206629        7.5200455405023245E-024   4.8119986214779621E-020
  -2.6000000536441803        9.4670958142277694E-024   5.8298280615404139E-020
  -2.5900000538676977        1.1912308366452721E-023   7.0600055494077456E-020
  -2.5800000540912151        1.4981590932897691E-023   8.5462065020840236E-020
  -2.5700000543147326        1.8832275324322061E-023   1.0340957815660842E-019
  -2.5600000545382500        2.3660859018031957E-023   1.2507404470352999E-019
  -2.5500000547617674        2.9712628542995812E-023   1.5121423144171259E-019
  -2.5400000549852848        3.7293615776039223E-023   1.8274149873817089E-019
  -2.5300000552088022        4.6785444869497523E-023   2.2075001529669989E-019
  -2.5200000554323196        5.8663758952167072E-023   2.6655285973116007E-019
  -2.5100000556558371        7.3521077674817553E-023   3.2172513673036133E-019
  -2.5000000558793545        9.2095136081502416E-023   3.8815544785898362E-019
  -2.4900000561028719        1.1530400071916246E-022   4.6810730853984751E-019
  -2.4800000563263893        1.4428956080579029E-022   5.6429240059595208E-019
  -2.4700000565499067        1.8047136345384168E-022   6.7995790226745472E-019
  -2.4600000567734241        2.2561321803260864E-022   8.1899055470971970E-019
  -2.4500000569969416        2.8190555486708973E-022   9.8604061721407113E-019
  -2.4400000572204590        3.5206721096041013E-022   1.1866694463992466E-018
  -2.4300000574439764        4.3947115879416099E-022   1.4275251234147680E-018
  -2.4200000576674938        5.4829972827965282E-022   1.7165513665881667E-018
  -2.4100000578910112        6.8373613900345753E-022   2.0632359270260369E-018
  -2.4000000581145287        8.5220071170310488E-022   2.4789057973606941E-018
  -2.3900000583380461        1.0616420273557495E-021   2.9770778995251713E-018
  -2.3800000585615635        1.3218956259672052E-021   3.5738754917778757E-018
  -2.3700000587850809        1.6451256783042393E-021   4.2885223899523750E-018
  -2.3600000590085983        2.0463685357284228E-021   5.1439292819875470E-018
  -2.3500000592321157        2.5442013036549317E-021   6.1673889854645229E-018
  -2.3400000594556332        3.1615637601942121E-021   7.3914005221277698E-018
  -2.3300000596791506        3.9267682562073855E-021   8.8546454395592917E-018
  -2.3200000599026680        4.8747399325322916E-021   1.0603143989876034E-017
  -2.3100000601261854        6.0485389730279212E-021   1.2691623685538136E-017
  -2.3000000603497028        7.5012280400400197E-021   1.5185138518020509E-017
  -2.2900000605732203        9.2981619499313683E-021   1.8160983892042412E-017
  -2.2800000607967377        1.1519793570576274E-020   2.1710960266370328E-017
  -2.2700000610202551        1.4265110501447936E-020   2.5944047800265914E-017
  -2.2600000612437725        1.7655842105340062E-020   3.0989565213581253E-017
  -2.2500000614672899        2.1841606835484030E-020   3.7000898847558726E-017
  -2.2400000616908073        2.7006206673841843E-020   4.4159902876035429E-017
  -2.2300000619143248        3.3375320230558675E-020   5.2682089127755480E-017
  -2.2200000621378422        4.1225900297188285E-020   6.2822745464062233E-017
  -2.2100000623613596        5.0897647381755565E-020   7.4884145605591952E-017
  -2.2000000625848770        6.2807010372654311E-020   8.9224041289695257E-017
  -2.1900000628083944        7.7464261859251136E-020   1.0626566033262392E-016
  -2.1800000630319118        9.5494312243526775E-020   1.2650947233942061E-016
  -2.1700000632554293        1.1766206777477231E-019   1.5054702834605087E-016
  -2.1600000634789467        1.4490330803493373E-019   1.7907723263160093E-016
  -2.1500000637024641        1.7836226420997616E-019   2.1292546550760867E-016
  -2.1400000639259815        2.1943732792296866E-019   2.5306604647172534E-016
  -2.1300000641494989        2.6983662014064777E-019   3.0064860931888243E-016
  -2.1200000643730164        3.3164551108559976E-019   3.5702905650399864E-016
  -2.1100000645965338        4.0740861764053266E-019   4.2380587140754285E-016
  -2.1000000648200512        5.0022932933139356E-019   5.0286269666773563E-016
  -2.0900000650435686        6.1389054547186531E-019   5.9641823729835193E-016
  -2.0800000652670860        7.5300106579790603E-019   7.0708472224292274E-016
  -2.0700000654906034        9.2317299044901943E-019   8.3793636117356601E-016
  -2.0600000657141209        1.1312365829728267E-018   9.9258946916549454E-016
  -2.0500000659376383        1.3855003685756482E-018   1.1752962054860561E-015
  -2.0400000661611557        1.6960658226010211E-018   1.3910541900302542E-015
  -2.0300000663846731        2.0752079030621326E-018   1.6457346287090802E-015
  -2.0200000666081905        2.5378349578199968E-018   1.9462320051770891E-015
  -2.0100000668317080        3.1020442653631356E-018   2.3006388896755179E-015
  -2.0000000670552254        3.7897927358298261E-018   2.7184499868201181E-015
  -1.9900000672787428        4.6277062103182011E-018   3.2108002047837073E-015
  -1.9800000675022602        5.6480554758085058E-018   3.7907422921849642E-015
  -1.9700000677257776        6.8899327077510231E-018   4.4735704718018393E-015
  -1.9600000679492950        8.4006687378558790E-018   5.2771975200024631E-015
  -1.9500000681728125        1.0237539528978603E-017   6.2225939182004435E-015
  -1.9400000683963299        1.2469819769154976E-017   7.3342990613999152E-015
  -1.9300000686198473        1.5181252865610988E-017   8.6410160761578010E-015
  -1.9200000688433647        1.8473020173957052E-017   1.0176303607161287E-014
  -1.9100000690668821        2.2467308448731089E-017   1.1979380013711857E-014
  -1.9000000692903996        2.7311593735454727E-017   1.4096057815454381E-014
  -1.8900000695139170        3.3183782816829972E-017   1.6579828987282461E-014
  -1.8800000697374344        4.0298380556973601E-017   1.9493124879728155E-014
  -1.8700000699609518        4.8913883861461855E-017   2.2908778194120218E-014
  -1.8600000701844692        5.9341641436605313E-017   2.6911718640807654E-014
  -1.8500000704079866        7.1956464208924896E-017   3.1600938733019613E-014
  -1.8400000706315041        8.7209325476295629E-017   3.7091771708823481E-014
  -1.8300000708550215        1.0564255416282661E-016   4.3518529932151310E-014
  -1.8200000710785389        1.2790800077448548E-016   5.1037559418310964E-014
  -1.8100000713020563        1.5478874596116492E-016   5.9830774493404560E-014
  -1.8000000715255737        1.8722502852400039E-016   7.0109746182654380E-014
  -1.7900000717490911        2.2634519625164122E-016   8.2120428902757255E-014
  -1.7800000719726086        2.7350263263639378E-016   9.6148622604591676E-014
  -1.7700000721961260        3.3031978943356291E-016   1.1252628189830423E-013
  -1.7600000724196434        3.9874066402367831E-016   1.3163880014659247E-013
  -1.7500000726431608        4.8109330729372292E-016   1.5393341532178732E-013
  -1.7400000728666782        5.8016423892330581E-016   1.7992890591463465E-013
  -1.7300000730901957        6.9928699034017745E-016   2.1022676972770502E-013
  -1.7200000733137131        8.4244740032290965E-016   2.4552410640357594E-013
  -1.7100000735372305        1.0144087649559382E-015   2.8662845650236862E-013
  -1.7000000737607479        1.2208605048711135E-015   3.3447488639262910E-013
  -1.6900000739842653        1.4685946730345754E-015   3.9014564976199248E-013
  -1.6800000742077827        1.7657154028025969E-015   4.5489280387744839E-013
  -1.6700000744313002        2.1218873084704018E-015   5.3016421260616977E-013
  -1.6600000746548176        2.5486299222802752E-015   6.1763342952448855E-013
  -1.6500000748783350        3.0596665098956441E-015   7.1923402418513416E-013
  -1.6400000751018524        3.6713370822030565E-015   8.3719899389875027E-013
  -1.6300000753253698        4.4030871516756645E-015   9.7410599347470707E-013
  -1.6200000755488873        5.2780458091202053E-015   1.1329292176780588E-012
  -1.6100000757724047        6.3237090710920159E-015   1.3170988872926700E-012
  -1.6000000759959221        7.5727472273087998E-015   1.5305694214349548E-012
  -1.5900000762194395        9.0639581680434784E-015   1.7778975281620165E-012
  -1.5800000764429569        1.0843392471524563E-014   2.0643316147385269E-012
  -1.5700000766664743        1.2965680471050312E-014   2.3959141107258882E-012
  -1.5600000768899918        1.5495596705431024E-014   2.7795985142058459E-012
  -1.5500000771135092        1.8509903205692231E-014   3.2233832171736256E-012
  -1.5400000773370266        2.2099520125989303E-014   3.7364644440462902E-012
  -1.5300000775605440        2.6372080449722013E-014   4.3294109513860707E-012
  -1.5200000777840614        3.1454935080583570E-014   5.0143634918739780E-012
  -1.5100000780075788        3.7498685779610692E-014   5.8052624463753495E-012
  -1.5000000782310963        4.4681336383665207E-014   6.7181074803029443E-012
  -1.4900000784546137        5.3213167827212646E-014   7.7712535907726655E-012
  -1.4800000786781311        6.3342460021119798E-014   8.9857484863771666E-012
  -1.4700000789016485        7.5362204003666071E-014   1.0385716889718922E-011
  -1.4600000791251659        8.9617971412618524E-014   1.1998798083025877E-011
  -1.4500000793486834        1.0651713574243277E-013   1.3856643839118774E-011
  -1.4400000795722008        1.2653967163343819E-013   1.5995484804753578E-011
  -1.4300000797957182        1.5025079526386158E-013   1.8456774443233114E-011
  -1.4200000800192356        1.7831575155468166E-013   2.1287920811878365E-011
  -1.4100000802427530        2.1151710324009535E-013   2.4543117762727562E-011
  -1.4000000804662704        2.5077493392233265E-013   2.8284288628675119E-011
  -1.3900000806897879        2.9717044318742685E-013   3.2582157111036554E-011
  -1.3800000809133053        3.5197348804793769E-013   3.7517461939215161E-011
  -1.3700000811368227        4.1667471293290054E-013   4.3182333952026009E-011
  -1.3600000813603401        4.9302301191976256E-013   4.9681856579169074E-011
  -1.3500000815838575        5.8306918390450750E-013   5.7135833308975030E-011
  -1.3400000818073750        6.8921677622831699E-013   6.5680788646684726E-011
  -1.3300000820308924        8.1428126754117607E-013   7.5472232331318103E-011
  -1.3200000822544098        9.6155891937441148E-013   8.6687220227654177E-011
  -1.3100000824779272        1.1349068314245182E-012   9.9527249386040034E-011
  -1.3000000827014446        1.3388359718058856E-012   1.1422152931437957E-010
  -1.2900000829249620        1.5786192249360443E-012   1.3103067658633210E-010
  -1.2800000831484795        1.8604168113114332E-012   1.5025088557569021E-010
  -1.2700000833719969        2.1914217909447329E-012   1.7221863442322631E-010
  -1.2600000835955143        2.5800287721788334E-012   1.9731599237977179E-010
  -1.2500000838190317        3.0360294173664962E-012   2.2597660250595972E-010
  -1.2400000840425491        3.5708388749051952E-012   2.5869242243075924E-010
  -1.2300000842660666        4.1977578828696660E-012   2.9602131557226174E-010
  -1.2200000844895840        4.9322759937871964E-012   3.3859559600909213E-010
  -1.2100000847131014        5.7924221751836673E-012   3.8713164217366858E-010
  -1.2000000849366188        6.7991699602360919E-012   4.4244070784485353E-010
  -1.1900000851601362        7.9769053728617486E-012   5.0544107368522350E-010
  -1.1800000853836536        9.3539670495551589E-012   5.7717169894831606E-010
  -1.1700000856071711        1.0963269346252602E-011   6.5880755113981132E-010
  -1.1600000858306885        1.2843020775025246E-011   7.5167681153488997E-010
  -1.1500000860542059        1.5037551887945128E-011   8.5728017673116930E-010
  -1.1400000862777233        1.7598268742723224E-011   9.7731250106988283E-010
  -1.1300000865012407        2.0584750379018988E-011   1.1136870520251309E-009
  -1.1200000867247581        2.4066011342044594E-011   1.2685626808019309E-009
  -1.1100000869482756        2.8121953252165256E-011   1.4443742436818708E-009
  -1.1000000871717930        3.2845032781617116E-011   1.6438666464197522E-009
  -1.0900000873953104        3.8342177213898072E-011   1.8701329245630263E-009
  -1.0800000876188278        4.4736983085798245E-011   2.1266568173050498E-009
  -1.0700000878423452        5.2172238311462741E-011   2.4173603417936141E-009
  -1.0600000880658627        6.0812813735168424E-011   2.7466569291318978E-009
  -1.0500000882893801        7.0848976336269156E-011   3.1195107431035627E-009
  -1.0400000885128975        8.2500183407300743E-011   3.5415028684398728E-009
  -1.0300000887364149        9.6019425046662052E-011   4.0189051277816697E-009
  -1.0200000889599323        1.1169819136464783E-010   4.5587623659775254E-009
  -1.0100000891834497        1.2987215102328353E-010   5.1689841276553384E-009
  -1.0000000894069672        1.5092763925846825E-010   5.8584467498172671E-009
 -0.99000008963048458        1.7530906652577366E-010   6.6371069963045470E-009
 -0.98000008985400200        2.0352737354530307E-010   7.5161284761877521E-009
 -0.97000009007751942        2.3616967499262995E-010   8.5080222143548159E-009
 -0.96000009030103683        2.7391025261049885E-010   9.6268028807614573E-009
 -0.95000009052455425        3.1752307934229962E-010   1.0888162336017409E-008
 -0.94000009074807167        3.6789607948290733E-010   1.2309662316330205E-008
 -0.93000009097158909        4.2604735610434521E-010   1.3910948261525986E-008
 -0.92000009119510651        4.9314364647443912E-010   1.5713986487214198E-008
 -0.91000009141862392        5.7052129921340140E-010   1.7743327117556189E-008
 -0.90000009164214134        6.5971010393280977E-010   2.0026395430040345E-008
 -0.89000009186565876        7.6246034552302543E-010   2.2593814519763706E-008
 -0.88000009208917618        8.8077350159617385E-010   2.5479762469705601E-008
 -0.87000009231269360        1.0169370534001173E-009   2.8722367517188979E-008
 -0.86000009253621101        1.1735639384007251E-009   3.2364145037148841E-008
 -0.85000009275972843        1.3536372373513358E-009   3.6452480522069143E-008
 -0.84000009298324585        1.5605607607650996E-009   4.1040163128768613E-008
 -0.83000009320676327        1.7982162800863428E-009   4.6185974786021838E-008
 -0.82000009343028069        2.0710282384100886E-009   5.1955340316852540E-008
 -0.81000009365379810        2.3840368753013363E-009   5.8421044527970451E-008
 -0.80000009387731552        2.7429808111892844E-009   6.5664022759138865E-008
 -0.79000009410083294        3.1543902601326970E-009   7.3774231970343845E-008
 -0.78000009432435036        3.6256921767574387E-009   8.2851610077768366E-008
 -0.77000009454786777        4.1653287952677958E-009   9.3007131934204250E-008
 -0.76000009477138519        4.7828911871692531E-009   1.0436397108938143E-007
 -0.75000009499490261        5.4892696513980811E-009   1.1705877726457118E-007
 -0.74000009521842003        6.2968229577708563E-009   1.3124308033792631E-007
 -0.73000009544193745        7.2195686940498881E-009   1.4708483256659248E-007
 -0.72000009566545486        8.2733972206552606E-009   1.6477010177330268E-007
 -0.71000009588897228        9.4763120175165952E-009   1.8450492930369634E-007
 -0.70000009611248970        1.0848699517337985E-008   2.0651736772109125E-007
 -0.69000009633600712        1.2413631861453626E-008   2.3105971445310315E-007
 -0.68000009655952454        1.4197206391532274E-008   2.5841095894498614E-007
 -0.67000009678304195        1.6228926105949481E-008   2.8887946231362373E-007
 -0.66000009700655937        1.8542125767271797E-008   3.2280589003978464E-007
 -0.65000009723007679        2.1174448850854458E-008   3.6056641989099453E-007
 -0.64000009745359421        2.4168381078238962E-008   4.0257624903962721E-007
 -0.63000009767711163        2.7571846887363505E-008   4.4929342623759979E-007
 -0.62000009790062904        3.1438875859443586E-008   5.0122303693734253E-007
 -0.61000009812414646        3.5830346854995701E-008   5.5892177141601149E-007
 -0.60000009834766388        4.0814818414514161E-008   6.2300290827372597E-007
 -0.59000009857118130        4.6469454858838631E-008   6.9414174814496745E-007
 -0.58000009879469872        5.2881058486794693E-008   7.7308153509307653E-007
 -0.57000009901821613        6.0147219320234335E-008   8.6063990595958910E-007
 -0.56000009924173355        6.8377594996642089E-008   9.5771591092127694E-007
 -0.55000009946525097        7.7695334665001930E-008   1.0652976516771239E-006
 -0.54000009968876839        8.8238662110202710E-008   1.1844705870537544E-006
 -0.53000009991228580        1.0016263482401743E-007   1.3164265593903084E-006
 -0.52000010013580322        1.1364109736634000E-007   1.4624735988513805E-006
 -0.51000010035932064        1.2886884912924179E-007   1.6240465668286881E-006
 -0.50000010058283806        1.4606404853954007E-007   1.8027187038381860E-006
 -0.49000010080635548        1.6547087782453024E-007   2.0002141518079552E-006
 -0.48000010102987289        1.8736249473278067E-007   2.2184215253938210E-006
 -0.47000010125339031        2.1204430006037041E-007   2.4594086119621232E-006
 -0.46000010147690773        2.3985755249653182E-007   2.7254382851525100E-006
 -0.45000010170042515        2.7118336518586666E-007   3.0189857224866411E-006
 -0.44000010192394257        3.0644712152237875E-007   3.3427570233291820E-006
 -0.43000010214745998        3.4612335105969752E-007   3.6997093296450365E-006
 -0.42000010237097740        3.9074111005875573E-007   4.0930725584381316E-006
 -0.41000010259449482        4.4088991511664489E-007   4.5263728615100588E-006
 -0.40000010281801224        4.9722628254665031E-007   5.0034579352487431E-006
 -0.39000010304152966        5.6048093072897385E-007   5.5285243105534471E-006
 -0.38000010326504707        6.3146670754411771E-007   6.1061467607288245E-006
 -0.37000010348856449        7.1108731025732202E-007   6.7413099732417278E-006
 -0.36000010371208191        8.0034687086405542E-007   7.4394426396337344E-006
 -0.35000010393559933        9.0036048595562523E-007   8.2064541266222278E-006
 -0.34000010415911674        1.0123657766432715E-006   9.0487739005042839E-006
 -0.33000010438263416        1.1377355710120538E-006   9.9733938864014014E-006
 -0.32000010460615158        1.2779918089863665E-006   1.0987913953646383E-005
 -0.31000010482966900        1.4348207774014848E-006   1.2100590728713656E-005
 -0.30000010505318642        1.6100897915149301E-006   1.3320389947526551E-005
 -0.29000010527670383        1.8058654481827645E-006   1.4657042569730647E-005
 -0.28000010550022125        2.0244335854946048E-006   1.6121104888594440E-005
 -0.27000010572373867        2.2683210938321549E-006   1.7724022881573022E-005
 -0.26000010594725609        2.5403197341152878E-006   1.9478201058235513E-005
 -0.25000010617077351        2.8435121304514505E-006   2.1397076074193896E-005
 -0.24000010639429092        3.1813001165338094E-006   2.3495195391862610E-005
 -0.23000010661780834        3.5574356279643349E-006   2.5788301281297275E-005
 -0.22000010684132576        3.9760543462337973E-006   2.8293420466988495E-005
 -0.21000010706484318        4.4417123143931653E-006   3.1028959739286018E-005
 -0.20000010728836060        4.9594257595210924E-006   3.4014807862070944E-005
 -0.19000010751187801        5.5347143729492577E-006   3.7272444121342091E-005
 -0.18000010773539543        6.1736483158687175E-006   4.0825053872493167E-005
 -0.17000010795891285        6.8828992354212994E-006   4.4697651457187853E-005
 -0.16000010818243027        7.6697955946928083E-006   4.8917210873839284E-005
 -0.15000010840594769        8.5423826391794769E-006   5.3512804598714855E-005
 -0.14000010862946510        9.5094873423012322E-006   5.8515750967553203E-005
 -0.13000010885298252        1.0580788693389198E-005   6.3959770540246357E-005
 -0.12000010907649994        1.1766893713276245E-005   6.9881151883514843E-005
 -0.11000010930001736        1.3079419605165082E-005   7.6318927218538220E-005
 -0.10000010952353477        1.4531082471824261E-005   8.3315058392097497E-005
  -9.0000109747052193E-002   1.6135793054353104E-005   9.0914633640858713E-005
  -8.0000109970569611E-002   1.7908759972738777E-005   9.9166075628900161E-005
  -7.0000110194087029E-002   1.9866600974170398E-005   1.0812136124833657E-004
  -6.0000110417604446E-002   2.2027462721541541E-005   1.1783625368184266E-004
  -5.0000110641121864E-002   2.4411149681716790E-005   1.2837054723390784E-004
  -4.0000110864639282E-002   2.7039262700905039E-005   1.3978832544463306E-004
  -3.0000111088156700E-002   2.9935347882813130E-005   1.5215823300573393E-004
  -2.0000111311674118E-002   3.3125056414067501E-005   1.6555376200293696E-004
  -1.0000111535191536E-002   3.6636316010614858E-005   1.8005355301211600E-004
  -1.1175870895385742E-007   4.0499514688342591E-005   1.9574171157807436E-004
   9.9998880177736282E-003   4.4747697590890784E-005   2.1270814060476371E-004
   1.9999887794256210E-002   4.9416777637449892E-005   2.3104888918376435E-004
   2.9999887570738792E-002   5.4545760783100384E-005   2.5086651838386820E-004
   3.9999887347221375E-002   6.0176986713830855E-005   2.7227048451848173E-004
   4.9999887123703957E-002   6.6356385827588303E-005   2.9537754039909010E-004
   5.9999886900186539E-002   7.3133753381405213E-005   3.2031215507208132E-004
   6.9999886676669121E-002   8.0563041712616916E-005   3.4720695252258795E-004
   7.9999886453151703E-002   8.8702671469229914E-005   3.7620316981255711E-004
   8.9999886229634285E-002   9.7615862810385631E-005   4.0745113510076171E-004
   9.9999886006116867E-002   1.0737098756237786E-004   4.4111076596979539E-004
  0.10999988578259945        1.1804194333852335E-004   4.7735208845902261E-004
  0.11999988555908203        1.2970855065213015E-004   5.1635577717285073E-004
  0.12999988533556461        1.4245697407051585E-004   5.5831371680031936E-004
  0.13999988511204720        1.5638016847422265E-004   6.0342958534472554E-004
  0.14999988488852978        1.7157835149892304E-004   6.5191945932063149E-004
  0.15999988466501236        1.8815950324763676E-004   7.0401244112994654E-004
  0.16999988444149494        2.0623989436747357E-004   7.5995130877868863E-004
  0.17999988421797752        2.2594464358774826E-004   8.1999318804133465E-004
  0.18999988399446011        2.4740830581461426E-004   8.8441024712019678E-004
  0.19999988377094269        2.7077549187091700E-004   9.5349041378291221E-004
  0.20999988354742527        2.9620152095834282E-004   1.0275381148916625E-003
  0.21999988332390785        3.2385310690169158E-004   1.1068750381631836E-003
  0.22999988310039043        3.5390907921178434E-004   1.1918409159186294E-003
  0.23999988287687302        3.8656113997367789E-004   1.2827943304971094E-003
  0.24999988265335560        4.2201465752997021E-004   1.3801135409158341E-003
  0.25999988242983818        4.6048949788464396E-004   1.4841973302634657E-003
  0.26999988220632076        5.0222089470053604E-004   1.5954658732111994E-003
  0.27999988198280334        5.4746035870270886E-004   1.7143616229185004E-003
  0.28999988175928593        5.9647662723020785E-004   1.8413502164970510E-003
  0.29999988153576851        6.4955665459943989E-004   1.9769213980774586E-003
  0.30999988131225109        7.0700664385320538E-004   2.1215899583987351E-003
  0.31999988108873367        7.6915312036979406E-004   2.2758966897103257E-003
  0.32999988086521626        8.3634404769601905E-004   2.4404093546409010E-003
  0.33999988064169884        9.0894998584620376E-004   2.6157236675471525E-003
  0.34999988041818142        9.8736529217546332E-004   2.8024642867097260E-003
  0.35999988019466400        1.0720093647897612E-003   3.0012858155922259E-003
  0.36999987997114658        1.1633279282968036E-003   3.2128738112234888E-003
  0.37999987974762917        1.2617943615304511E-003   3.4379457976027651E-003
  0.38999987952411175        1.3679110666966904E-003   3.6772522818629564E-003
  0.39999987930059433        1.4822108791911022E-003   3.9315777707585736E-003
  0.40999987907707691        1.6052585171258574E-003   4.2017417848731553E-003
  0.41999987885355949        1.7376520693784328E-003   4.4885998677658264E-003
  0.42999987863004208        1.8800245207344461E-003   4.7930445870991625E-003
  0.43999987840652466        2.0330453124429906E-003   5.1160065246107153E-003
  0.44999987818300724        2.1974219362348940E-003   5.4584552516094868E-003
  0.45999987795948982        2.3739015595722860E-003   5.8214002864963397E-003
  0.46999987773597240        2.5632726796019903E-003   6.2058920306248778E-003
  0.47999987751245499        2.7663668029759762E-003   6.6130226786373612E-003
  0.48999987728893757        2.9840601483793814E-003   7.0439270992291745E-003
  0.49999987706542015        3.2172753682712957E-003   7.4997836821162232E-003
  0.50999987684190273        3.4669832859959386E-003   7.9818151468035985E-003
  0.51999987661838531        3.7342046440625755E-003   8.4912893085805855E-003
  0.52999987639486790        4.0200118590226737E-003   9.0295197969993135E-003
  0.53999987617135048        4.3255307779927780E-003   9.5978667219310584E-003
  0.54999987594783306        4.6519424314828434E-003   1.0197737282138014E-002
  0.55999987572431564        5.0004847767929957E-003   1.0830586311148959E-002
  0.56999987550079823        5.3724544258387302E-003   1.1497916755087097E-002
  0.57999987527728081        5.7692083508559429E-003   1.2201280076966728E-002
  0.58999987505376339        6.1921655610253645E-003   1.2942276581855370E-002
  0.59999987483024597        6.6428087426419350E-003   1.3722555657189245E-002
  0.60999987460672855        7.1226858550403147E-003   1.4543815922433966E-002
  0.61999987438321114        7.6334116740753508E-003   1.5407805282201118E-002
  0.62999987415969372        8.1766692745472661E-003   1.6316320876864403E-002
  0.63999987393617630        8.7542114425586837E-003   1.7271208924669636E-002
  0.64999987371265888        9.3678620083957991E-003   1.8274364449300043E-002
  0.65999987348914146        1.0019517090141837E-002   1.9327730886844856E-002
  0.66999987326562405        1.0711146237860398E-002   2.0433299566125728E-002
  0.67999987304210663        1.1444793467830958E-002   2.1593109056362584E-002
  0.68999987281858921        1.2222578175982622E-002   2.2809244376210579E-002
  0.69999987259507179        1.3046695919357356E-002   2.4083836058272530E-002
  0.70999987237155437        1.3919419054143307E-002   2.5419059063288649E-002
  0.71999987214803696        1.4843097218556006E-002   2.6817131538328220E-002
  0.72999987192451954        1.5820157648612679E-002   2.8280313413456631E-002
  0.73999987170100212        1.6853105314646441E-002   2.9810904831528099E-002
  0.74999987147748470        1.7944522866244920E-002   3.1411244405957980E-002
  0.75999987125396729        1.9097070373176605E-002   3.3083707301562716E-002
  0.76999987103044987        2.0313484849789606E-002   3.4830703133817635E-002
  0.77999987080693245        2.1596579550335539E-002   3.6654673682175939E-002
  0.78999987058341503        2.2949243022689494E-002   3.8558090413415902E-002
  0.79999987035989761        2.4374437908007217E-002   4.0543451811337415E-002
  0.80999987013638020        2.5875199473987542E-002   4.2613280509515475E-002
  0.81999986991286278        2.7454633869593417E-002   4.4770120224234995E-002
  0.82999986968934536        2.9115916089331468E-002   4.7016532485180208E-002
  0.83999986946582794        3.0862287635502268E-002   4.9355093161932262E-002
  0.84999986924231052        3.2697053867210737E-002   5.1788388784839934E-002
  0.85999986901879311        3.4623581025374474E-002   5.4319012659370176E-002
  0.86999986879527569        3.6645292923486152E-002   5.6949560773617812E-002
  0.87999986857175827        3.8765667294478751E-002   5.9682627499255902E-002
  0.88999986834824085        4.0988231784708985E-002   6.2520801086837982E-002
  0.89999986812472343        4.3316559586817995E-002   6.5466658957022889E-002
  0.90999986790120602        4.5754264704048822E-002   6.8522762789976571E-002
  0.91999986767768860        4.8304996839498862E-002   7.1691653415915740E-002
  0.92999986745417118        5.0972435904762171E-002   7.4975845510492606E-002
  0.93999986723065376        5.3760286143472197E-002   7.8377822099473957E-002
  0.94999986700713634        5.6672269866387646E-002   8.1900028877944411E-002
  0.95999986678361893        5.9712120795874721E-002   8.5544868350057660E-002
  0.96999986656010151        6.2883577018924663E-002   8.9314693796168465E-002
  0.97999986633658409        6.6190373549203846E-002   9.3211803075001112E-002
  0.98999986611306667        6.9636234500065827E-002   9.7238432269344227E-002
  0.99999986588954926        7.3224864871953260E-002  0.10139674918460376     
   1.0099998656660318        7.6959941959183945E-002  0.10568884671039305     
   1.0199998654425144        8.0845106382741186E-002  0.11011673605618982     
   1.0299998652189970        8.4883952757374675E-002  0.11468233987293606     
   1.0399998649954796        8.9080020003053526E-002  0.11938748527330537     
   1.0499998647719622        9.3436781312599665E-002  0.12423389676419576     
   1.0599998645484447        9.7957633789155368E-002  0.12922318910583508     
   1.0699998643249273       0.10264588776899987       0.13435686011269546     
   1.0799998641014099       0.10750475584712088       0.13963628341220816     
   1.0899998638778925       0.11253734162485804       0.14506270117803985     
   1.0999998636543751       0.11774662820085940       0.15063721685543680     
   1.1099998634308577       0.12313546642852198       0.15636078789685909     
   1.1199998632073402       0.12870656296501454       0.16223421852680706     
   1.1299998629838228       0.13446246813889332       0.16825815255538701     
   1.1399998627603054       0.14040556366521431       0.17443306626076449     
   1.1499998625367880       0.14653805023890509       0.18075926136120957     
   1.1599998623132706       0.15286193503897971       0.18723685809794671     
   1.1699998620897532       0.15937901917794428       0.19386578845047486     
   1.1799998618662357       0.16609088513244824       0.20064578950641981     
   1.1899998616427183       0.17299888419286702       0.20757639700831995     
   1.1999998614192009       0.18010412397104977       0.21465693910001649     
   1.2099998611956835       0.18740745600692035       0.22188653029552560     
   1.2199998609721661       0.19490946351597069       0.22926406569340774     
   1.2299998607486486       0.20261044932091690       0.23678821545970591     
   1.2399998605251312       0.21051042401189918       0.24445741960251652     
   1.2499998603016138       0.21860909438057718       0.25226988306115872     
   1.2599998600780964       0.22690585217430007       0.26022357113273781     
   1.2699998598545790       0.23539976321719908       0.26831620525863947     
   1.2799998596310616       0.24408955694555920       0.27654525919315326     
   1.2899998594075441       0.25297361640515487       0.28490795557599258     
   1.2999998591840267       0.26204996875839165       0.29340126292996899     
   1.3099998589605093       0.27131627634904859       0.30202189310447169     
   1.3199998587369919       0.28076982837219205       0.31076629918471738     
   1.3299998585134745       0.29040753319638613       0.31963067388595240     
   1.3399998582899570       0.30022591138468824       0.32861094845092570     
   1.3499998580664396       0.31022108946005605       0.33770279206799414     
   1.3599998578429222       0.32038879445972918       0.34690161182618390     
   1.3699998576194048       0.33072434932185096       0.35620255322240318     
   1.3799998573958874       0.34122266914609556       0.36560050123479637     
   1.3899998571723700       0.35187825836833209       0.37509008197493759     
   1.3999998569488525       0.36268520888741251       0.38466566493019783     
   1.4099998567253351       0.37363719918000410       0.39432136580617488     
   1.4199998565018177       0.38472749443700915       0.40405104997756464     
   1.4299998562783003       0.39594894775252276       0.41384833655426950     
   1.4399998560547829       0.40729400239348618       0.42370660306789709     
   1.4499998558312654       0.41875469517519948       0.43361899078209820     
   1.4599998556077480       0.43032266096467098       0.44357841062843867     
   1.4699998553842306       0.44198913833041725       0.45357754976769210     
   1.4799998551607132       0.45374497635378669       0.46360887877459717     
   1.4899998549371958       0.46558064261318211       0.47366465944223440     
   1.4999998547136784       0.47748623234870963       0.48373695320026938     
   1.5099998544901609       0.48945147881079959       0.49381763013936325     
   1.5199998542666435       0.50146576479224447       0.50389837863210718     
   1.5299998540431261       0.51351813533888757       0.51397071553886065     
   1.5399998538196087       0.52559731162990597       0.52402599698491659     
   1.5499998535960913       0.53769170601426208       0.53405542969344677     
   1.5599998533725739       0.54978943818548109       0.54405008285673495     
   1.5699998531490564       0.56187835247245532       0.55400090052626982     
   1.5799998529255390       0.57394603621951379       0.56389871450037266     
   1.5899998527020216       0.58597983922452856       0.57373425768616215     
   1.5999998524785042       0.59796689419939753       0.58349817791083691     
   1.6099998522549868       0.60989413821284888       0.59318105215548145     
   1.6199998520314693       0.62174833507119609       0.60277340118288514     
   1.6299998518079519       0.63351609858843361       0.61226570452921736     
   1.6399998515844345       0.64518391669294228       0.62164841582782016     
   1.6499998513609171       0.65673817631408204       0.63091197843188995     
   1.6599998511373997       0.66816518898810284       0.64004684130140688     
   1.6699998509138823       0.67945121711914103       0.64904347511835780     
   1.6799998506903648       0.69058250082758366       0.65789238859308619     
   1.6899998504668474       0.70154528531482130       0.66658414492349194     
   1.6999998502433300       0.71232584867036541       0.67510937836781382     
   1.7099998500198126       0.72291053004452255       0.68345881089084570     
   1.7199998497962952       0.73328575810728358       0.69162326884268654     
   1.7299998495727777       0.74343807971184050       0.69959369962849760     
   1.7399998493492603       0.75335418867919179       0.70736118832723949     
   1.7499998491257429       0.76302095461864816       0.71491697421700873     
   1.7599998489022255       0.77242545169772281       0.72225246716436087     
   1.7699998486787081       0.78155498727389738       0.72935926383493321     
   1.7799998484551907       0.79039713030009062       0.73622916368272995     
   1.7899998482316732       0.79893973941534846       0.74285418467564390     
   1.7999998480081558       0.80717099063231346       0.74922657871512666     
   1.8099998477846384       0.81507940453342576       0.75533884670841767     
   1.8199998475611210       0.82265387288856395       0.76118375325237098     
   1.8299998473376036       0.82988368460794637       0.76675434088870076     
   1.8399998471140862       0.83675855094558338       0.77204394389137987     
   1.8499998468905687       0.84326862987040041       0.77704620154798909     
   1.8599998466670513       0.84940454952432176       0.78175507089800278     
   1.8699998464435339       0.85515743068912808       0.78616483889232402     
   1.8799998462200165       0.86051890818675092       0.79027013393983891     
   1.8899998459964991       0.86548115114084700       0.79406593680833293     
   1.8999998457729816       0.87003688203098428       0.79754759084881288     
   1.9099998455494642       0.87417939447456094       0.80071081151408596     
   1.9199998453259468       0.87790256967565350       0.80355169514436386     
   1.9299998451024294       0.88120089148432712       0.80606672699467674     
   1.9399998448789120       0.88406946001453524       0.80825278848099069     
   1.9499998446553946       0.88650400377355076       0.81010716362411983     
   1.9599998444318771       0.88850089026090273       0.81162754467279252     
   1.9699998442083597       0.89005713500000372       0.81281203688957837     
   1.9799998439848423       0.89117040897103927       0.81365916248577941     
   1.9899998437613249       0.89183904441920325       0.81416786369385075     
   1.9999998435378075       0.89206203901800696       0.81433750496840474     
   2.0099998433142900       0.89183905837311217       0.81416787430939119     
   2.0199998430907726       0.89117043685793396       0.81365918370359502     
   2.0299998428672552       0.89005717677809038       0.81281206868316636     
   2.0399998426437378       0.88850094586762118       0.81162758700246740     
   2.0499998424202204       0.88650407312573098       0.81010721643709616     
   2.0599998421967030       0.88406954300860363       0.80825285171149286     
   2.0699998419731855       0.88120098799656532       0.80606680056407543     
   2.0799998417496681       0.87790267956250501       0.80355177896133900     
   2.0899998415261507       0.87417951757298740       0.80071090547481549     
   2.0999998413026333       0.87003701815886803       0.79754769483718702     
   2.1099998410791159       0.86548130009744062       0.79406605069619363     
   2.1199998408555984       0.86051906975317016       0.79027025758724267     
   2.1299998406320810       0.85515760462888790       0.78616497214782843     
   2.1399998404085636       0.84940473558391272       0.78175521359897582     
   2.1499998401850462       0.84326882777990442       0.77704635352093976     
   2.1599998399615288       0.83675876041932595       0.77204410495230924     
   2.1699998397380114       0.82988390534518297       0.76675451084347346     
   2.1799998395144939       0.82265410457419963       0.76118393189710487     
   2.1899998392909765       0.81507964683876311       0.75533903382989076     
   2.1999998390674591       0.80717124321582934       0.74922677409120142     
   2.2099998388439417       0.79894000192349479       0.74285438807570581     
   2.2199998386204243       0.79039740236811684       0.73622937486814055     
   2.2299998383969069       0.78155526852669333       0.72935948255949579     
   2.2399998381733894       0.77242574175067780       0.72225269317479834     
   2.2499998379498720       0.76302125307852420       0.71491720725345032     
   2.2599998377263546       0.75335449514500785       0.70736142812371805     
   2.2699998375028372       0.74343839377576548       0.69959394591345259     
   2.2799998372793198       0.73328607935553491       0.69162352133947524     
   2.2899998370558023       0.72291085805826771       0.68345906931825806     
   2.2999998368322849       0.71232618302662365       0.67510964244059124     
   2.3099998366087675       0.70154562558736289       0.66658441435284821     
   2.3199998363852501       0.69058284658782443       0.65789266308722971     
   2.3299998361617327       0.67945156793702799       0.64904375438301343     
   2.3399998359382153       0.66816554443299159       0.64004712504033534     
   2.3499998357146978       0.65673853595559961       0.63091226634740505     
   2.3599998354911804       0.64518428010183593       0.62164870762130187     
   2.3699998352676630       0.63351646533740191       0.61226599990161923     
   2.3799998350441456       0.62174870473570154       0.60277369983523510     
   2.3899998348206282       0.60989451037190745       0.59318135378937464     
   2.3999998345971107       0.59796726843634596       0.58349848222892109     
   2.4099998343735933       0.58598021512776588       0.57373456439261084     
   2.4199998341500759       0.57394641338321550       0.56389902330135000     
   2.4299998339265585       0.56187873049725989       0.55400121113038137     
   2.4399998337030411       0.54978981667914539       0.54405039497546714     
   2.4499998334795237       0.53769208459228579       0.53405574304159198     
   2.4599998332560062       0.52559768991612366       0.52402631128098398     
   2.4699998330324888       0.51351851296602713       0.51397103050547222     
   2.4799998328089714       0.50146614140245049       0.50389869399637666     
   2.4899998325854540       0.48945185405612185       0.49381794563325987     
   2.4999998323619366       0.47748660589155578       0.48373726856096366     
   2.5099998321384192       0.46558101412673408       0.47366497441242678     
   2.5199998319149017       0.45374534552237922       0.46360919310282778     
   2.5299998316913843       0.44198950484988075       0.45357786320863314     
   2.5399998314678669       0.43032302454263704       0.44357872294316697     
   2.5499998312443495       0.41875505553136866       0.43361930173834928     
   2.5599998310208321       0.40729435925985996       0.42370691244029957     
   2.5699998307973146       0.39594930087359786       0.41384864412456035     
   2.5799998305737972       0.38472784356993700       0.40405135553478438     
   2.5899998303502798       0.37363754409471323       0.39432166914684397     
   2.5999998301267624       0.36268554936669750       0.38466596585847279     
   2.6099998299032450       0.35187859420790707       0.37509038030274811     
   2.6199998296797276       0.34122300015461487       0.36560079678196272     
   2.6299998294562101       0.33072467532089744       0.35620284581673473     
   2.6399998292326927       0.32038911528377062       0.34690190130355852     
   2.6499998290091753       0.31022140495637168       0.33770307827241930     
   2.6599998287856579       0.30022622141326544       0.32861123123458080     
   2.6699998285621405       0.29040783762979022       0.31963095310921358     
   2.6799998283386230       0.28077012709540783       0.31076657471616465     
   2.6899998281151056       0.27131656925929809       0.30202216482087912     
   2.6999998278915882       0.26205025576492680       0.29340153071627811     
   2.7099998276680708       0.25297389742902798       0.28490821932526994     
   2.7199998274445534       0.24408983191937203       0.27654551880653261     
   2.7299998272210360       0.23540003208483309       0.26831646064524878     
   2.7399998269975185       0.22690611489062715       0.26022382220961243     
   2.7499998267740011       0.21860935091115477       0.25227012975314056     
   2.7599998265504837       0.21051067433264964       0.24445766184214010     
   2.7699998263269663       0.20261069341779339       0.23678845318707276     
   2.7799998261034489       0.19490970138461064       0.22926429885604854     
   2.7899998258799314       0.18740768765228841       0.22188675884825196     
   2.7999998256564140       0.18010434940707143       0.21465716300476193     
   2.8099998254328966       0.17299910344205408       0.20757661623397178     
   2.8199998252093792       0.16609109822551818       0.20064600402864219     
   2.8299998249858618       0.15937922615343442       0.19386599825152387     
   2.8399998247623444       0.15286213594285775       0.18723706316647806     
   2.8499998245388269       0.14653824512417682       0.18075946169207932     
   2.8599998243153095       0.14040575259153043       0.17443326185482474     
   2.8699998240917921       0.13446265117215656       0.16825834341927545     
   2.8799998238682747       0.12870674017698705       0.16223440467273265     
   2.8899998236447573       0.12313563789643593       0.15636096934238380     
   2.8999998234212399       0.11774679400703049       0.15063739362325423     
   2.9099998231977224       0.11253750185630301       0.14506287329575110     
   2.9199998229742050       0.10750491059518075       0.13963645091209623     
   2.9299998227506876       0.10264603712896908       0.13435702303149830     
   2.9399998225271702        9.7957777859917827E-002  0.12922334748451791     
   2.9499998223036528        9.3436920196272533E-002  0.12423405064772360     
   2.9599998220801353        8.9080153804639309E-002  0.11938763471041593     
   2.9699998218566179        8.4884081584422427E-002  0.11468248491591353     
   2.9799998216331005        8.0845230345017116E-002  0.11011687676064068     
   2.9899998214095831        7.6960061168352259E-002  0.10568898313502351     
   2.9999998211860657        7.3224979441267699E-002  0.10139688139099992     
   3.0099998209625483        6.9636344544071804E-002   9.7238560321755402E-002
   3.0199998207390308        6.6190479183452097E-002   9.3211927040125875E-002
   3.0299998205155134        6.2883678359696549E-002   8.9314813742945282E-002
   3.0399998202919960        5.9712217959919295E-002   8.5544984349459105E-002
   3.0499998200684786        5.6672362970670451E-002   8.1900141002775942E-002
   3.0599998198449612        5.3760375304936582E-002   7.8377930424177511E-002
   3.0699998196214437        5.0972521240102590E-002   7.4975950110955175E-002
   3.0799998193979263        4.8305078464946513E-002   7.1691754369283184E-002
   3.0899998191744089        4.5754342735169498E-002   6.8522860174473205E-002
   3.0999998189508915        4.3316634138322131E-002   6.5466752851776500E-002
   3.1099998187273741        4.0988302970273768E-002   6.2520891571710618E-002
   3.1199998185038567        3.8765735226582297E-002   5.9682714654681210E-002
   3.1299998182803392        3.6645357713253508E-002   5.6949644680444118E-002
   3.1399998180568218        3.4623642782435210E-002   5.4319093398709911E-002
   3.1499998178333044        3.2697112699567966E-002   5.1788466437925638E-002
   3.1599998176097870        3.0862343649412816E-002   4.9355167809978603E-002
   3.1699998173862696        2.9115969389197065E-002   4.7016604209252820E-002
   3.1799998171627522        2.7454684557862392E-002   4.4770189105125681E-002
   3.1899998169392347        2.5875247651066868E-002   4.2613346627623776E-002
   3.1999998167157173        2.4374483672184442E-002   4.0543515246558720E-002
   3.2099998164921999        2.2949286470064469E-002   3.8558151245035963E-002
   3.2199998162686825        2.1596620774761249E-002   3.6654731988771734E-002
   3.2299998160451651        2.0313523942822001E-002   3.4830758993164533E-002
   3.2399998158216476        1.9097107424032988E-002   3.3083760790547902E-002
   3.2499998155981302        1.7944557961770326E-002   3.1411295600499878E-002
   3.2599998153746128        1.6853138539287937E-002   2.9810953806501887E-002
   3.2699998151510954        1.5820189084400946E-002   2.8280360242625611E-002
   3.2799998149275780        1.4843126945093906E-002   2.6817176294280952E-002
   3.2899998147040606        1.3919447148601048E-002   2.5419101817381690E-002
   3.2999998144805431        1.3046722456473796E-002   2.4083876880578624E-002
   3.3099998142570257        1.2222603228072443E-002   2.2809283335472184E-002
   3.3199998140335083        1.1444817104797212E-002   2.1593146219950465E-002
   3.3299998138099909        1.0711168527212120E-002   2.0433335000002616E-002
   3.3399998135864735        1.0019538097016275E-002   1.9327764655533826E-002
   3.3499998133629560        9.3678817955850507E-003   1.8274396615857547E-002
   3.3599998131394386        8.7542300705401917E-003   1.7271239550662953E-002
   3.3699998129159212        8.1766868015179447E-003   1.6316350022353300E-002
   3.3799998126924038        7.6334281559890457E-003   1.5407833005723664E-002
   3.3899998124688864        7.1227013456481233E-003   1.4543842280996077E-002
   3.3999998122453690        6.6428232935352152E-003   1.3722580706258022E-002
   3.4099998120218515        6.1921792216811065E-003   1.2942300375355896E-002
   3.4199998117983341        5.7692211686841280E-003   1.2201302667282143E-002
   3.4299998115748167        5.3724664462315146E-003   1.1497938193061828E-002
   3.4399998113512993        5.0004960431753610E-003   1.0830606646094794E-002
   3.4499998111277819        4.6519529853645521E-003   1.0197756561843010E-002
   3.4599998109042645        4.3255406590213289E-003   9.5978849926710175E-003
   3.4699998106807470        4.0200211050370393E-003   9.0295371035515569E-003
   3.4799998104572296        3.7342132911475845E-003   8.4913056942400485E-003
   3.4899998102337122        3.4669913685369761E-003   7.9818306534008877E-003
   3.4999998100101948        3.2172829190092477E-003   7.4997983500375938E-003
   3.5099998097866774        2.9840671984656037E-003   7.0439409674382201E-003
   3.5199998095631599        2.7663733820271477E-003   6.6130357846982931E-003
   3.5299998093396425        2.5632788157546361E-003   6.2059044107271302E-003
   3.5399998091161251        2.3739072795369437E-003   5.8214119754805525E-003
   3.5499998088926077        2.1974272653496989E-003   5.4584662829945327E-003
   3.5599998086690903        2.0330502747266054E-003   5.1160169306217525E-003
   3.5699998084455729        1.8800291389382562E-003   4.7930543986965373E-003
   3.5799998082220554        1.7376563650378543E-003   4.4886091146747291E-003
   3.5899998079985380        1.6052625106107242E-003   4.2017504956138665E-003
   3.5999998077750206        1.4822145897550316E-003   3.9315859726772491E-003
   3.6099998075515032        1.3679145125253735E-003   3.6772600011627903E-003
   3.6199998073279858        1.2617975597888048E-003   3.4379530593754617E-003
   3.6299998071044683        1.1633308951749402E-003   3.2128806394809291E-003
   3.6399998068809509        1.0720121155477309E-003   3.0012922332982622E-003
   3.6499998066574335        9.8736784118674229E-004   2.8024703158119908E-003
   3.6599998064339161        9.0895234663988952E-004   2.6157293290088365E-003
   3.6699998062103987        8.3634623299772373E-004   2.4404146684723813E-003
   3.6799998059868813        7.6915514214122044E-004   2.2759016750006369E-003
   3.6899998057633638        7.0700851333039064E-004   2.1215946333467571E-003
   3.6999998055398464        6.4955838232966495E-004   1.9769257800228103E-003
   3.7099998053163290        5.9647822310758222E-004   1.8413543219506128E-003
   3.7199998050928116        5.4746183200242286E-004   1.7143654675925153E-003
   3.7299998048692942        5.0222225411179940E-004   1.5954694720489240E-003
   3.7399998046457767        4.6049075154232211E-004   1.4842006974683224E-003
   3.7499998044222593        4.2201581304493452E-004   1.3801166899800256E-003
   3.7599998041987419        3.8656220446188592E-004   1.2827972742296596E-003
   3.7699998039752245        3.5391005932211686E-004   1.1918436664728497E-003
   3.7799998037517071        3.2385400884256963E-004   1.1068776070635000E-003
   3.7899998035281897        2.9620235052314948E-004   1.0275405130598103E-003
   3.7999998033046722        2.7077625446225105E-004   9.5349265156347853E-004
   3.8099998030811548        2.4740900646741252E-004   8.8441233430548781E-004
   3.8199998028576374        2.2594528699129750E-004   8.1999513389555264E-004
   3.8299998026341200        2.0624048488635018E-004   7.5995312206142776E-004
   3.8399998024106026        1.8816004494160763E-004   7.0401413011898176E-004
   3.8499998021870852        1.7157884814183698E-004   6.5192103183400990E-004
   3.8599998019635677        1.5638062357193071E-004   6.0343104876215206E-004
   3.8699998017400503        1.4245739087785040E-004   5.5831507808383658E-004
   3.8799998015165329        1.2970893218898063E-004   5.1635704288682306E-004
   3.8899998012930155        1.1804229240504025E-004   4.7735326478941644E-004
   3.8999998010694981        1.0737130675334291E-004   4.4111185874277676E-004
   3.9099998008459806        9.7616154528776394E-005   4.0745214980060274E-004
   3.9199998006224632        8.8702937939017773E-005   3.7620411159887114E-004
   3.9299998003989458        8.0563284990828972E-005   3.4720782624690047E-004
   3.9399998001754284        7.3133975369481341E-005   3.2031296529374457E-004
   3.9499997999519110        6.6356588282069108E-005   2.9537829140055766E-004
   3.9599997997283936        6.0177171256403254E-005   2.7227118031995291E-004
   3.9699997995048761        5.4545928910034932E-005   2.5086716275731934E-004
   3.9799997992813587        4.9416930728457367E-005   2.3104948566637630E-004
   3.9899997990578413        4.4747836917427711E-005   2.1270869251176507E-004
   3.9999997988343239        4.0499641421393429E-005   1.9574222201501333E-004
   4.0099997986108065        3.6636431227978266E-005   1.8005402488657907E-004
   4.0199997983872890        3.3125161107171893E-005   1.6555419803572453E-004
   4.0299997981637716        2.9935442963088885E-005   1.5215863574151938E-004
   4.0399997979402542        2.7039349005735041E-005   1.3978869726211026E-004
   4.0499997977167368        2.4411227979990440E-005   1.2837089035545057E-004
   4.0599997974932194        2.2027533718834655E-005   1.1783657018269402E-004
   4.0699997972697020        1.9866665317571461E-005   1.0812165306533657E-004
   4.0799997970461845        1.7908818255343547E-005   9.9166344568777772E-005
   4.0899997968226671        1.6135845819445977E-005   9.0914881388097426E-005
   4.0999997965991497        1.4531130216766410E-005   8.3315286516395093E-005
   4.1099997963756323        1.3079462785006275E-005   7.6319137181873065E-005
   4.1199997961521149        1.1766932744108100E-005   6.9881345046837975E-005
   4.1299997959285975        1.0580823955456007E-005   6.3959948169812862E-005
   4.1399997957050800        9.5095191828834694E-006   5.8515914240907268E-005
   4.1499997954815626        8.5424113752649672E-006   5.3512954610346146E-005
   4.1599997952580452        7.6698215154492062E-006   4.8917348640522213E-005
   4.1699997950345278        6.8829226044831603E-006   4.4697777923019705E-005
   4.1799997948110104        6.1736693734514699E-006   4.0825169913644681E-005
   4.1899997945874929        5.5347333378016996E-006   3.7272550550532719E-005
   4.1999997943639755        4.9594428307276649E-006   3.4014905432783833E-005
   4.2099997941404581        4.4417276730361938E-006   3.1029049149733346E-005
   4.2199997939169407        3.9760681569256791E-006   2.8293502363840622E-005
   4.2299997936934233        3.5574480402587053E-006   2.5788376263187139E-005
   4.2399997934699059        3.1813112662244183E-006   2.3495264012676675E-005
   4.2499997932463884        2.8435221407669013E-006   2.1397138846161004E-005
   4.2599997930228710        2.5403287168171285E-006   1.9478258454823443E-005
   4.2699997927993536        2.2683291502235265E-006   1.7724075340204221E-005
   4.2799997925758362        2.0244408073460531E-006   1.6121152813189108E-005
   4.2899997923523188        1.8058719185815016E-006   1.4657086333088026E-005
   4.2999997921288013        1.6100955856432544E-006   1.3320429893552345E-005
   4.3099997919052839        1.4348259632498911E-006   1.2100627174502814E-005
   4.3199997916817665        1.2779964480063029E-006   1.0987947191429052E-005
   4.3299997914582491        1.1377397187130838E-006   9.9734241853601830E-006
   4.3399997912347317        1.0123694831389949E-006   9.0488015084701309E-006
   4.3499997910112143        9.0036379646241726E-007   8.2064792716561710E-006
   4.3599997907876968        8.0034982615642146E-007   7.4394655315012183E-006
   4.3699997905641794        7.1108994708334033E-007   6.7413308047860124E-006
   4.3799997903406620        6.3146905900424893E-007   6.1061657091496564E-006
   4.3899997901171446        5.6048302662121398E-007   5.5285415385966985E-006
   4.3999997898936272        4.9722814968083071E-007   5.0034735923127275E-006
   4.4099997896701097        4.4089157760044422E-007   4.5263870846735917E-006
   4.4199997894465923        3.9074258955780321E-007   4.0930854734154256E-006
   4.4299997892230749        3.4612466703395630E-007   3.6997210516720662E-006
   4.4399997889995575        3.0644829144084824E-007   3.3427676579859899E-006
   4.4499997887760401        2.7118440472144598E-007   3.0189953664597264E-006
   4.4599997885525227        2.3985847570278324E-007   2.7254470269412775E-006
   4.4699997883290052        2.1204511953175079E-007   2.4594165325331784E-006
   4.4799997881054878        1.8736322174980292E-007   2.2184286987865119E-006
   4.4899997878819704        1.6547152248517674E-007   2.0002206456945473E-006
   4.4999997876584530        1.4606461987816808E-007   1.8027245800417631E-006
   4.5099997874349356        1.2886935522409427E-007   1.6240518818016854E-006
   4.5199997872114182        1.1364154543669506E-007   1.4624784041174661E-006
   4.5299997869879007        1.0016303131792375E-007   1.3164309019522882E-006
   4.5399997867643833        8.8239012783655418E-008   1.1844745097697692E-006
   4.5499997865408659        7.7695644653360229E-008   1.0653011936075356E-006
   4.5599997863173485        6.8377868878996241E-008   9.5771910764824672E-007
   4.5699997860938311        6.0147461177392847E-008   8.6064278988140847E-007
   4.5799997858703136        5.2881271953485486E-008   7.7308413569506020E-007
   4.5899997856467962        4.6469643170674459E-008   6.9414409224863648E-007
   4.5999997854232788        4.0814984450221047E-008   6.2300502026592738E-007
   4.6099997851997614        3.5830493174358760E-008   5.5892367345942364E-007
   4.6199997849762440        3.1439004737383621E-008   5.0122474916382216E-007
   4.6299997847527266        2.7571960344520279E-008   4.4929496692563505E-007
   4.6399997845292091        2.4168480908401771E-008   4.0257763477714615E-007
   4.6499997843056917        2.1174536645551520E-008   3.6056766572463622E-007
   4.6599997840821743        1.8542202937797411E-008   3.2280700961169174E-007
   4.6699997838586569        1.6228993903085270E-008   2.8888046798673057E-007
   4.6799997836351395        1.4197265923192705E-008   2.5841186191771263E-007
   4.6899997834116220        1.2413684108464860E-008   2.3106052486428796E-007
   4.6999997831881046        1.0848745347538536E-008   2.0651809474595195E-007
   4.7099997829645872        9.4763521983517447E-009   1.8450558124152852E-007
   4.7199997827410698        8.2734324304180826E-009   1.6477068612759221E-007
   4.7299997825175524        7.2195995319092391E-009   1.4708535611815852E-007
   4.7399997822940350        6.2968499527111881E-009   1.3124354921166153E-007
   4.7499997820705175        5.4892932701850561E-009   1.1705919699031558E-007
   4.7599997818470001        4.7829118414423953E-009   1.0436434665740750E-007
   4.7699997816234827        4.1653468478526277E-009   9.3007467845770624E-008
   4.7799997813999653        3.6257079472793282E-009   8.2851910391152361E-008
   4.7899997811764479        3.1544040300068107E-009   7.3774500342739372E-008
   4.7999997809529305        2.7429928280533291E-009   6.5664262484764998E-008
   4.8099997807294130        2.3840473569509751E-009   5.8421258572723042E-008
   4.8199997805058956        2.0710373762907693E-009   5.1955531349789639E-008
   4.8299997802823782        1.7982242423896566E-009   4.6186145207961078E-008
   4.8399997800588608        1.5605676951729801E-009   4.1040315098247590E-008
   4.8499997798353434        1.3536432734664943E-009   3.6452615978898410E-008
   4.8599997796118259        1.1735691898981429E-009   3.2364265723771429E-008
   4.8699997793883085        1.0169416199303687E-009   2.8722474998040081E-008
   4.8799997791647911        8.8077747046826191E-010   2.5479858148750290E-008
   4.8899997789412737        7.6246379319137571E-010   2.2593899656377456E-008
   4.8999997787177563        6.5971309731048039E-010   2.0026471153379887E-008
   4.9099997784942389        5.7052389683110821E-010   1.7743394439558522E-008
   4.9199997782707214        4.9314589950291691E-010   1.5714046314349149E-008
   4.9299997780472040        4.2604930925564154E-010   1.3911001405415646E-008
   4.9399997778236866        3.6789777180445747E-010   1.2309709503339670E-008
   4.9499997776001692        3.1752454491616435E-010   1.0888204215913034E-008
   4.9599997773766518        2.7391152116871045E-010   9.6268400345222747E-009
   4.9699997771531343        2.3617077245840646E-010   8.5080551612168729E-009
   4.9799997769296169        2.0352832250878561E-010   7.5161576799937749E-009
   4.9899997767060995        1.7530988666196515E-010   6.6371328712239758E-009
   4.9999997764825821        1.5092834769418468E-010   5.8584696654969395E-009
