  -5.0000000000000000        3.0579360289743958E-039
  -4.9900000002235174        3.5807773485294044E-039
  -4.9800000004470348        4.1935324151319129E-039
  -4.9700000006705523        4.9117515314891886E-039
  -4.9600000008940697        5.7536892699095565E-039
  -4.9500000011175871        6.7407772981980333E-039
  -4.9400000013411045        7.8981803119088762E-039
  -4.9300000015646219        9.2554497551290865E-039
  -4.9200000017881393        1.0847292618783016E-038
  -4.9100000020116568        1.2714475677356822E-038
  -4.9000000022351742        1.4904889145307309E-038
  -4.8900000024586916        1.7474798001622138E-038
  -4.8800000026822090        2.0490314261161069E-038
  -4.8700000029057264        2.4029129401560363E-038
  -4.8600000031292439        2.8182553146414916E-038
  -4.8500000033527613        3.3057913050148373E-038
  -4.8400000035762787        3.8781379052937770E-038
  -4.8300000037997961        4.5501288641531575E-038
  -4.8200000040233135        5.3392061778244220E-038
  -4.8100000042468309        6.2658810717189529E-038
  -4.8000000044703484        7.3542768652538993E-038
  -4.7900000046938658        8.6327683356485214E-038
  -4.7800000049173832        1.0134734817675137E-037
  -4.7700000051409006        1.1899447369816727E-037
  -4.7600000053644180        1.3973113988478085E-037
  -4.7500000055879354        1.6410111161798190E-037
  -4.7400000058114529        1.9274435142598422E-037
  -4.7300000060349703        2.2641412327150696E-037
  -4.7200000062584877        2.6599715219545235E-037
  -4.7100000064820051        3.1253738837640856E-037
  -4.7000000067055225        3.6726402309011317E-037
  -4.6900000069290400        4.3162452089604862E-037
  -4.6800000071525574        5.0732357039961567E-037
  -4.6700000073760748        5.9636901899333043E-037
  -4.6600000075995922        7.0112604962815479E-037
  -4.6500000078231096        8.2438108530118448E-037
  -4.6400000080466270        9.6941717594799258E-037
  -4.6300000082701445        1.1401029403467939E-036
  -4.6200000084936619        1.3409975114097297E-036
  -4.6100000087171793        1.5774743774230321E-036
  -4.6000000089406967        1.8558675369124733E-036
  -4.5900000091642141        2.1836440056578196E-036
  -4.5800000093877316        2.5696074484842142E-036
  -4.5700000096112490        3.0241385765640661E-036
  -4.5600000098347664        3.5594789776297090E-036
  -4.5500000100582838        4.1900662608011197E-036
  -4.5400000102818012        4.9329298341071430E-036
  -4.5300000105053186        5.8081583319920986E-036
  -4.5200000107288361        6.8394517204445315E-036
  -4.5100000109523535        8.0547734860483612E-036
  -4.5000000111758709        9.4871211299844068E-036
  -4.4900000113993883        1.1175436519057382E-035
  -4.4800000116229057        1.3165681588258121E-035
  -4.4700000118464231        1.5512109555846462E-035
  -4.4600000120699406        1.8278767335932937E-035
  -4.4500000122934580        2.1541271373222322E-035
  -4.4400000125169754        2.5388906867415054E-035
  -4.4300000127404928        2.9927109522933058E-035
  -4.4200000129640102        3.5280399816482865E-035
  -4.4100000131875277        4.1595852632702572E-035
  -4.4000000134110451        4.9047200346841333E-035
  -4.3900000136345625        5.7839685471921089E-035
  -4.3800000138580799        6.8215800356408330E-035
  -4.3700000140815973        8.0462076734087859E-035
  -4.3600000143051147        9.4917117922205739E-035
  -4.3500000145286322        1.1198110200490681E-034
  -4.3400000147521496        1.3212702645567523E-034
  -4.3300000149756670        1.5591401456596216E-034
  -4.3200000151991844        1.8400306320561138E-034
  -4.3100000154227018        2.1717568156261228E-034
  -4.3000000156462193        2.5635595363350173E-034
  -4.2900000158697367        3.0263665578081338E-034
  -4.2800000160932541        3.5731017751050684E-034
  -4.2700000163167715        4.2190513215716654E-034
  -4.2600000165402889        4.9822970844104695E-034
  -4.2500000167638063        5.8842300867704390E-034
  -4.2400000169873238        6.9501585046818270E-034
  -4.2300000172108412        8.2100278276679945E-034
  -4.2200000174343586        9.6992739226231120E-034
  -4.2100000176578760        1.1459833616869976E-033
  -4.2000000178813934        1.3541341991359846E-033
  -4.1900000181049109        1.6002551003123142E-033
  -4.1800000183284283        1.8913010496893022E-033
  -4.1700000185519457        2.2355060308807502E-033
  -4.1600000187754631        2.6426191235326147E-033
  -4.1500000189989805        3.1241843405269147E-033
  -4.1400000192224979        3.6938723369799317E-033
  -4.1300000194460154        4.3678736391344267E-033
  -4.1200000196695328        5.1653648416110592E-033
  -4.1100000198930502        6.1090613588289513E-033
  -4.1000000201165676        7.2258728539901728E-033
  -4.0900000203400850        8.5476804820125820E-033
  -4.0800000205636024        1.0112258660493550E-032
  -4.0700000207871199        1.1964368331355137E-032
  -4.0600000210106373        1.4157053721366593E-032
  -4.0500000212341547        1.6753180602222047E-032
  -4.0400000214576721        1.9827261168418768E-032
  -4.0300000216811895        2.3467619105678407E-032
  -4.0200000219047070        2.7778958465835969E-032
  -4.0100000221282244        3.2885411895317846E-032
  -4.0000000223517418        3.8934157939368262E-032
  -3.9900000225752592        4.6099713986165317E-032
  -3.9800000227987766        5.4589031426845775E-032
  -3.9700000230222940        6.4647543387485585E-032
  -3.9600000232458115        7.6566343648326512E-032
  -3.9500000234693289        9.0690708949986614E-032
  -3.9400000236928463        1.0743021680171224E-031
  -3.9300000239163637        1.2727075834936815E-031
  -3.9200000241398811        1.5078880225343815E-031
  -3.9100000243633986        1.7866833256227656E-031
  -3.9000000245869160        2.1172096325614420E-031
  -3.8900000248104334        2.5090982687750454E-031
  -3.8800000250339508        2.9737794730147235E-031
  -3.8700000252574682        3.5248194062549749E-031
  -3.8600000254809856        4.1783204740101033E-031
  -3.8500000257045031        4.9533968878864243E-031
  -3.8400000259280205        5.8727396439885355E-031
  -3.8300000261515379        6.9632877737293317E-031
  -3.8200000263750553        8.2570259074413332E-031
  -3.8100000265985727        9.7919319791088433E-031
  -3.8000000268220901        1.1613103405943073E-030
  -3.7900000270456076        1.3774095435574904E-030
  -3.7800000272691250        1.6338511728377187E-030
  -3.7700000274926424        1.9381894825706938E-030
  -3.7600000277161598        2.2993973176210687E-030
  -3.7500000279396772        2.7281332124952064E-030
  -3.7400000281631947        3.2370589039156830E-030
  -3.7300000283867121        3.8412167936914275E-030
  -3.7200000286102295        4.5584787061887685E-030
  -3.7100000288337469        5.4100794356458661E-030
  -3.7000000290572643        6.4212511380585216E-030
  -3.6900000292807817        7.6219776681183280E-030
  -3.6800000295042992        9.0478915862334185E-030
  -3.6700000297278166        1.0741340874147335E-029
  -3.6600000299513340        1.2752657531247300E-029
  -3.6500000301748514        1.5141666333434045E-029
  -3.6400000303983688        1.7979479308318288E-029
  -3.6300000306218863        2.1350630135819253E-029
  -3.6200000308454037        2.5355612985525993E-029
  -3.6100000310689211        3.0113902565170145E-029
  -3.6000000312924385        3.5767546751906664E-029
  -3.5900000315159559        4.2485440554657877E-029
  -3.5800000317394733        5.0468410841263754E-029
  -3.5700000319629908        5.9955265889399892E-029
  -3.5600000321865082        7.1229993136324463E-029
  -3.5500000324100256        8.4630323403903823E-029
  -3.5400000326335430        1.0055792142720582E-028
  -3.5300000328570604        1.1949051198566334E-028
  -3.5200000330805779        1.4199630983580083E-028
  -3.5100000333040953        1.6875119177264021E-028
  -3.5000000335276127        2.0055913264515916E-028
  -3.4900000337511301        2.3837652657062218E-028
  -3.4800000339746475        2.8334113297109367E-028
  -3.4700000341981649        3.3680652801100179E-028
  -3.4600000344216824        4.0038310985539988E-028
  -3.4500000346451998        4.7598690602602680E-028
  -3.4400000348687172        5.6589766911666651E-028
  -3.4300000350922346        6.7282803051762987E-028
  -3.4200000353157520        8.0000581925804184E-028
  -3.4100000355392694        9.5127205492462078E-028
  -3.4000000357627869        1.1311976021473752E-027
  -3.3900000359863043        1.3452220439941043E-027
  -3.3800000362098217        1.5998190102167915E-027
  -3.3700000364333391        1.9026930044040568E-027
  -3.3600000366568565        2.2630137364333667E-027
  -3.3500000368803740        2.6916951126253045E-027
  -3.3400000371038914        3.2017274007355808E-027
  -3.3300000373274088        3.8085727121257471E-027
  -3.3200000375509262        4.5306358788438835E-027
  -3.3100000377744436        5.3898251081180281E-027
  -3.3000000379979610        6.4122195414117343E-027
  -3.2900000382214785        7.6288641136479079E-027
  -3.2800000384449959        9.0767160004222982E-027
  -3.2700000386685133        1.0799771576013760E-026
  -3.2600000388920307        1.2850408324447473E-026
  -3.2500000391155481        1.5290982718513616E-026
  -3.2400000393390656        1.8195732908346419E-026
  -3.2300000395625830        2.1653044381117127E-026
  -3.2200000397861004        2.5768147851321986E-026
  -3.2100000400096178        3.0666331856045764E-026
  -3.2000000402331352        3.6496768265056050E-026
  -3.1900000404566526        4.3437067652019817E-026
  -3.1800000406801701        5.1698703782537727E-026
  -3.1700000409036875        6.1533473037788103E-026
  -3.1600000411272049        7.3241186219798990E-026
  -3.1500000413507223        8.7178827840345169E-026
  -3.1400000415742397        1.0377146282823558E-025
  -3.1300000417977571        1.2352522396588670E-025
  -3.1200000420212746        1.4704277691183786E-025
  -3.1100000422447920        1.7504173531673157E-025
  -3.1000000424683094        2.0837658859959335E-025
  -3.0900000426918268        2.4806481215985885E-025
  -3.0800000429153442        2.9531795742007115E-025
  -3.0700000431388617        3.5157867100521538E-025
  -3.0600000433623791        4.1856477318464728E-025
  -3.0500000435858965        4.9832174092521389E-025
  -3.0400000438094139        5.9328519706462479E-025
  -3.0300000440329313        7.0635531198802309E-025
  -3.0200000442564487        8.4098538702559090E-025
  -3.0100000444799662        1.0012873205870615E-024
  -3.0000000447034836        1.1921571718942219E-024
  -2.9900000449270010        1.4194246486269342E-024
  -2.9800000451505184        1.6900310723707988E-024
  -2.9700000453740358        2.0122412414510102E-024
  -2.9600000455975533        2.3958956407322876E-024
  -2.9500000458210707        2.8527106733719652E-024
  -2.9400000460445881        3.3966360473321000E-024
  -2.9300000462681055        4.0442801836698704E-024
  -2.9200000464916229        4.8154165765178099E-024
  -2.9100000467151403        5.7335864883901181E-024
  -2.9000000469386578        6.8268162828787778E-024
  -2.8900000471621752        8.1284711677267806E-024
  -2.8800000473856926        9.6782712490263373E-024
  -2.8700000476092100        1.1523500705858822E-023
  -2.8600000478327274        1.3720446731394673E-023
  -2.8500000480562449        1.6336111826315929E-023
  -2.8400000482797623        1.9450251281340910E-023
  -2.8300000485032797        2.3157797494605455E-023
  -2.8200000487267971        2.7571744430037659E-023
  -2.8100000489503145        3.2826579383103767E-023
  -2.8000000491738319        3.9082365694104526E-023
  -2.7900000493973494        4.6529599627933532E-023
  -2.7800000496208668        5.5394987906157150E-023
  -2.7700000498443842        6.5948320025016164E-023
  -2.7600000500679016        7.8510642343524171E-023
  -2.7500000502914190        9.3463979955071459E-023
  -2.7400000505149364        1.1126289872181278E-022
  -2.7300000507384539        1.3244825492805195E-022
  -2.7200000509619713        1.5766354542718582E-022
  -2.7100000511854887        1.8767434885157217E-022
  -2.7000000514090061        2.2339144072058158E-022
  -2.6900000516325235        2.6589827484157804E-022
  -2.6800000518560410        3.1648365348034783E-022
  -2.6700000520795584        3.7668056320987348E-022
  -2.6600000523030758        4.4831233666986784E-022
  -2.6500000525265932        5.3354751806564284E-022
  -2.6400000527501106        6.3496506848452828E-022
  -2.6300000529736280        7.5563185357344843E-022
  -2.6200000531971455        8.9919471976483278E-022
  -2.6100000534206629        1.0699898966793189E-021
  -2.6000000536441803        1.2731729751560330E-021
  -2.5900000538676977        1.5148733174707238E-021
  -2.5800000540912151        1.8023774763514918E-021
  -2.5700000543147326        2.1443470533072484E-021
  -2.5600000545382500        2.5510774392960606E-021
  -2.5500000547617674        3.0348050812037797E-021
  -2.5400000549852848        3.6100723406740459E-021
  -2.5300000552088022        4.2941606986038953E-021
  -2.5200000554323196        5.1076050577097247E-021
  -2.5100000556558371        6.0748042644828848E-021
  -2.5000000558793545        7.2247457786504432E-021
  -2.4900000561028719        8.5918657434144698E-021
  -2.4800000563263893        1.0217069648465064E-020
  -2.4700000565499067        1.2148943442612514E-020
  -2.4600000567734241        1.4445190476951955E-020
  -2.4500000569969416        1.7174336200083898E-020
  -2.4400000572204590        2.0417750270015031E-020
  -2.4300000574439764        2.4272044912662086E-020
  -2.4200000576674938        2.8851919204032532E-020
  -2.4100000578910112        3.4293531788752354E-020
  -2.4000000581145287        4.0758499733937270E-020
  -2.3900000583380461        4.8438639182111827E-020
  -2.3800000585615635        5.7561584714926145E-020
  -2.3700000587850809        6.8397449466953783E-020
  -2.3600000590085983        8.1266717739243859E-020
  -2.3500000592321157        9.6549596985770786E-020
  -2.3400000594556332        1.1469709756166020E-019
  -2.3300000596791506        1.3624415768523365E-019
  -2.3200000599026680        1.6182518903869042E-019
  -2.3100000601261854        1.9219248692068424E-019
  -2.3000000603497028        2.2823802976141907E-019
  -2.2900000605732203        2.7101928834842982E-019
  -2.2800000607967377        3.2178977791837926E-019
  -2.2700000610202551        3.8203521944385768E-019
  -2.2600000612437725        4.5351633363302904E-019
  -2.2500000614672899        5.3831947665964400E-019
  -2.2400000616908073        6.3891654550882032E-019
  -2.2300000619143248        7.5823583901373547E-019
  -2.2200000621378422        8.9974586517483185E-019
  -2.2100000623613596        1.0675544444385033E-018
  -2.2000000625848770        1.2665258819614583E-018
  -2.1900000628083944        1.5024194809005207E-018
  -2.1800000630319118        1.7820532568488219E-018
  -2.1700000632554293        2.1134974064451400E-018
  -2.1600000634789467        2.5063028994257820E-018
  -2.1500000637024641        2.9717715247213214E-018
  -2.1400000639259815        3.5232748531740046E-018
  -2.1300000641494989        4.1766309120653699E-018
  -2.1200000643730164        4.9505489351205377E-018
  -2.1100000645965338        5.8671543973398425E-018
  -2.1000000648200512        6.9526087153978331E-018
  -2.0900000650435686        8.2378405483617607E-018
  -2.0800000652670860        9.7594086368384168E-018
  -2.0700000654906034        1.1560519649618744E-017
  -2.0600000657141209        1.3692228657159638E-017
  -2.0500000659376383        1.6214854728310715E-017
  -2.0400000661611557        1.9199649876461487E-017
  -2.0300000663846731        2.2730766311236184E-017
  -2.0200000666081905        2.6907574854656361E-017
  -2.0100000668317080        3.1847396658447885E-017
  -2.0000000670552254        3.7688721248413026E-017
  -1.9900000672787428        4.4594996699226353E-017
  -1.9800000675022602        5.2759092732230688E-017
  -1.9700000677257776        6.2408555108246176E-017
  -1.9600000679492950        7.3811790299223701E-017
  -1.9500000681728125        8.7285343583640535E-017
  -1.9400000683963299        1.0320246202452276E-016
  -1.9300000686198473        1.2200316696077123E-016
  -1.9200000688433647        1.4420609949525952E-016
  -1.9100000690668821        1.7042244795728240E-016
  -1.9000000692903996        2.0137231957321051E-016
  -1.8900000695139170        2.3790398090452892E-016
  -1.8800000697374344        2.8101646453098913E-016
  -1.8700000699609518        3.3188612474450197E-016
  -1.8600000701844692        3.9189782474669767E-016
  -1.8500000704079866        4.6268155442063922E-016
  -1.8400000706315041        5.4615541398211879E-016
  -1.8300000708550215        6.4457605797739242E-016
  -1.8200000710785389        7.6059787998266405E-016
  -1.8100000713020563        8.9734243540310916E-016
  -1.8000000715255737        1.0584798531057748E-015
  -1.7900000717490911        1.2483242822344796E-015
  -1.7800000719726086        1.4719457653922177E-015
  -1.7700000721961260        1.7353013315102552E-015
  -1.7600000724196434        2.0453885705250723E-015
  -1.7500000726431608        2.4104254983353603E-015
  -1.7400000728666782        2.8400611570361798E-015
  -1.7300000730901957        3.3456221367678753E-015
  -1.7200000733137131        3.9404010686558139E-015
  -1.7100000735372305        4.6399941429328467E-015
  -1.7000000737607479        5.4626958752286294E-015
  -1.6900000739842653        6.4299607035953503E-015
  -1.6800000742077827        7.5669425796859255E-015
  -1.6700000744313002        8.9031255549932000E-015
  -1.6600000746548176        1.0473060498138575E-014
  -1.6500000748783350        1.2317225559187584E-014
  -1.6400000751018524        1.4483030876599797E-014
  -1.6300000753253698        1.7025991364883573E-014
  -1.6200000755488873        2.0011095299380097E-014
  -1.6100000757724047        2.3514400913099394E-014
  -1.6000000759959221        2.7624898436492808E-014
  -1.5900000762194395        3.2446681056658288E-014
  -1.5800000764429569        3.8101475277162710E-014
  -1.5700000766664743        4.4731589272532965E-014
  -1.5600000768899918        5.2503347224336940E-014
  -1.5500000771135092        6.1611088496503433E-014
  -1.5400000773370266        7.2281823083857923E-014
  -1.5300000775605440        8.4780649311762029E-014
  -1.5200000777840614        9.9417056577651521E-014
  -1.5100000780075788        1.1655225535351482E-013
  -1.5000000782310963        1.3660769910989956E-013
  -1.4900000784546137        1.6007498873417010E-013
  -1.4800000786781311        1.8752737992294053E-013
  -1.4700000789016485        2.1963314853313596E-013
  -1.4600000791251659        2.5717110866848657E-013
  -1.4500000793486834        3.0104862414995734E-013
  -1.4400000795722008        3.5232250687644632E-013
  -1.4300000797957182        4.1222325646528324E-013
  -1.4200000800192356        4.8218316565864468E-013
  -1.4100000802427530        5.6386889665327669E-013
  -1.4000000804662704        6.5921922631169989E-013
  -1.3900000806897879        7.7048876492153345E-013
  -1.3800000809133053        9.0029857581707350E-013
  -1.3700000811368227        1.0516947640827680E-012
  -1.3600000813603401        1.2282162643683828E-012
  -1.3500000815838575        1.4339732435801853E-012
  -1.3400000818073750        1.6737377473123329E-012
  -1.3300000820308924        1.9530484632697763E-012
  -1.3200000822544098        2.2783317550765717E-012
  -1.3100000824779272        2.6570414408413462E-012
  -1.3000000827014446        3.0978201584540608E-012
  -1.2900000829249620        3.6106855803847027E-012
  -1.2800000831484795        4.2072452222228246E-012
  -1.2700000833719969        4.9009441398216664E-012
  -1.2600000835955143        5.7073504393260664E-012
  -1.2500000838190317        6.6444842435004974E-012
  -1.2400000840425491        7.7331965790195257E-012
  -1.2300000842660666        8.9976055867894591E-012
  -1.2200000844895840        1.0465598526832040E-011
  -1.2100000847131014        1.2169409268777788E-011
  -1.2000000849366188        1.4146282348964217E-011
  -1.1900000851601362        1.6439236258511482E-011
  -1.1800000853836536        1.9097940429586406E-011
  -1.1700000856071711        2.2179722438705021E-011
  -1.1600000858306885        2.5750724279535748E-011
  -1.1500000860542059        2.9887229210604736E-011
  -1.1400000862777233        3.4677183697689771E-011
  -1.1300000865012407        4.0221942393979716E-011
  -1.1200000867247581        4.6638267986696695E-011
  -1.1100000869482756        5.4060622146843043E-011
  -1.1000000871717930        6.2643788816646253E-011
  -1.0900000873953104        7.2565876733030061E-011
  -1.0800000876188278        8.4031754500078977E-011
  -1.0700000878423452        9.7276978784819219E-011
  -1.0600000880658627        1.1257228442558041E-010
  -1.0500000882893801        1.3022871453106091E-010
  -1.0400000885128975        1.5060347914529813E-010
  -1.0300000887364149        1.7410664290938711E-010
  -1.0200000889599323        2.0120875553353613E-010
  -1.0100000891834497        2.3244955399033718E-010
  -1.0000000894069672        2.6844788236219338E-010
 -0.99000008963048458        3.0991299445666680E-010
 -0.98000008985400200        3.5765742590385321E-010
 -0.97000009007751942        4.1261164676124327E-010
 -0.96000009030103683        4.7584073299655961E-010
 -0.95000009052455425        5.4856332595897896E-010
 -0.94000009074807167        6.3217318348338743E-010
 -0.93000009097158909        7.2826366504634271E-010
 -0.92000009119510651        8.3865553689832930E-010
 -0.91000009141862392        9.6542853188406629E-010
 -0.90000009164214134        1.1109571533350280E-009
 -0.89000009186565876        1.2779512736488330E-009
 -0.88000009208917618        1.4695021467021393E-009
 -0.87000009231269360        1.6891345298955702E-009
 -0.86000009253621101        1.9408656973104520E-009
 -0.85000009275972843        2.2292722211681706E-009
 -0.84000009298324585        2.5595655056241051E-009
 -0.83000009320676327        2.9376771761196130E-009
 -0.82000009343028069        3.3703555603901095E-009
 -0.81000009365379810        3.8652746452612825E-009
 -0.80000009387731552        4.4311570581693273E-009
 -0.79000009410083294        5.0779128056942612E-009
 -0.78000009432435036        5.8167957052397271E-009
 -0.77000009454786777        6.6605796724630500E-009
 -0.76000009477138519        7.6237572784828995E-009
 -0.75000009499490261        8.7227632698300219E-009
 -0.74000009521842003        9.9762260533351653E-009
 -0.73000009544193745        1.1405250490715141E-008
 -0.72000009566545486        1.3033735726842436E-008
 -0.71000009588897228        1.4888732195164007E-008
 -0.70000009611248970        1.7000842407421647E-008
 -0.69000009633600712        1.9404670646955041E-008
 -0.68000009655952454        2.2139327250128749E-008
 -0.67000009678304195        2.5248993783767644E-008
 -0.66000009700655937        2.8783556113433308E-008
 -0.65000009723007679        3.2799313113760812E-008
 -0.64000009745359421        3.7359769604285720E-008
 -0.63000009767711163        4.2536523009102384E-008
 -0.62000009790062904        4.8410254243686849E-008
 -0.61000009812414646        5.5071834435298674E-008
 -0.60000009834766388        6.2623560293067600E-008
 -0.59000009857118130        7.1180532269439927E-008
 -0.58000009879469872        8.0872191105898934E-008
 -0.57000009901821613        9.1844029943437060E-008
 -0.56000009924173355        1.0425950091335472E-007
 -0.55000009946525097        1.1830213701876538E-007
 -0.54000009968876839        1.3417791218440863E-007
 -0.53000009991228580        1.5211786460591919E-007
 -0.52000010013580322        1.7238101098386228E-007
 -0.51000010035932064        1.9525758189834986E-007
 -0.50000010058283806        2.2107261148290648E-007
 -0.49000010080635548        2.5018991770916919E-007
 -0.48000010102987289        2.8301651301474579E-007
 -0.47000010125339031        3.2000748871475315E-007
 -0.46000010147690773        3.6167142065311905E-007
 -0.45000010170042515        4.0857634789396356E-007
 -0.44000010192394257        4.6135638094840770E-007
 -0.43000010214745998        5.2071900110117761E-007
 -0.42000010237097740        5.8745311786817337E-007
 -0.41000010259449482        6.6243795750649198E-007
 -0.40000010281801224        7.4665286183715557E-007
 -0.39000010304152966        8.4118808345574191E-007
 -0.38000010326504707        9.4725667072403568E-007
 -0.37000010348856449        1.0662075437856366E-006
 -0.36000010371208191        1.1995398712584338E-006
 -0.35000010393559933        1.3489188662572032E-006
 -0.34000010415911674        1.5161931300190140E-006
 -0.33000010438263416        1.7034136816742141E-006
 -0.32000010460615158        1.9128548236551648E-006
 -0.31000010482966900        2.1470370038948700E-006
 -0.30000010505318642        2.4087518483670600E-006
 -0.29000010527670383        2.7010895506891971E-006
 -0.28000010550022125        3.0274688194745891E-006
 -0.27000010572373867        3.3916695989145645E-006
 -0.26000010594725609        3.7978687937109011E-006
 -0.25000010617077351        4.2506792460013350E-006
 -0.24000010639429092        4.7551922293337220E-006
 -0.23000010661780834        5.3170237430801991E-006
 -0.22000010684132576        5.9423649099506350E-006
 -0.21000010706484318        6.6380367994789183E-006
 -0.20000010728836060        7.4115500215311212E-006
 -0.19000010751187801        8.2711694560165720E-006
 -0.18000010773539543        9.2259845080820550E-006
 -0.17000010795891285        1.0285985302121216E-005
 -0.16000010818243027        1.1462145252931351E-005
 -0.15000010840594769        1.2766510478270218E-005
 -0.14000010862946510        1.4212296543890943E-005
 -0.13000010885298252        1.5813993059818878E-005
 -0.12000010907649994        1.7587476675135595E-005
 -0.11000010930001736        1.9550133047822824E-005
 -0.10000010952353477        2.1720988396171029E-005
  -9.0000109747052193E-002   2.4120851268877101E-005
  -8.0000109970569611E-002   2.6772465202080674E-005
  -7.0000110194087029E-002   2.9700672963160302E-005
  -6.0000110417604446E-002   3.2932593112998062E-005
  -5.0000110641121864E-002   3.6497809650514994E-005
  -4.0000110864639282E-002   4.0428575535365771E-005
  -3.0000111088156700E-002   4.4760030916725423E-005
  -2.0000111311674118E-002   4.9530436927752939E-005
  -1.0000111535191536E-002   5.4781425936555519E-005
  -1.1175870895385742E-007   6.0558269174934619E-005
   9.9998880177736282E-003   6.6910162695746342E-005
   1.9999887794256210E-002   7.3890532638017350E-005
   2.9999887570738792E-002   8.1557360805828335E-005
   3.9999887347221375E-002   8.9973531592004629E-005
   4.9999887123703957E-002   9.9207201300671147E-005
   5.9999886900186539E-002   1.0933219094320759E-004
   6.9999886676669121E-002   1.2042840359992779E-004
   7.9999886453151703E-002   1.3258226745435406E-004
   8.9999886229634285E-002   1.4588720561792932E-004
   9.9999886006116867E-002   1.6044413387002307E-004
  0.10999988578259945        1.7636198744068118E-004
  0.11999988555908203        1.9375827796110542E-004
  0.12999988533556461        2.1275968169930817E-004
  0.13999988511204720        2.3350266018465349E-004
  0.14999988488852978        2.5613411430517582E-004
  0.15999988466501236        2.8081207293459193E-004
  0.16999988444149494        3.0770641711179463E-004
  0.17999988421797752        3.3699964075329042E-004
  0.18999988399446011        3.6888764882836477E-004
  0.19999988377094269        4.0358059386694673E-004
  0.20999988354742527        4.4130375160077200E-004
  0.21999988332390785        4.8229843645896791E-004
  0.22999988310039043        5.2682295754895823E-004
  0.23999988287687302        5.7515361565209334E-004
  0.24999988265335560        6.2758574165059310E-004
  0.25999988242983818        6.8443477667685438E-004
  0.26999988220632076        7.4603739413845165E-004
  0.27999988198280334        8.1275266362119166E-004
  0.28999988175928593        8.8496325650790563E-004
  0.29999988153576851        9.6307669297314414E-004
  0.30999988131225109        1.0475266298207392E-003
  0.31999988108873367        1.1387741884254833E-003
  0.32999988086521626        1.2373093218186518E-003
  0.33999988064169884        1.3436522197212404E-003
  0.34999988041818142        1.4583547500790805E-003
  0.35999988019466400        1.5820019353885346E-003
  0.36999987997114658        1.7152134618224986E-003
  0.37999987974762917        1.8586452188722490E-003
  0.38999987952411175        2.0129908669145853E-003
  0.39999987930059433        2.1789834297910437E-003
  0.40999987907707691        2.3573969091536342E-003
  0.41999987885355949        2.5490479169845734E-003
  0.42999987863004208        2.7547973223412572E-003
  0.43999987840652466        2.9755519080076564E-003
  0.44999987818300724        3.2122660323586362E-003
  0.45999987795948982        3.4659432913554181E-003
  0.46999987773597240        3.7376381751998179E-003
  0.47999987751245499        4.0284577137751475E-003
  0.48999987728893757        4.3395631046010920E-003
  0.49999987706542015        4.6721713166245297E-003
  0.50999987684190273        5.0275566627648698E-003
  0.51999987661838531        5.4070523337294667E-003
  0.52999987639486790        5.8120518852161560E-003
  0.53999987617135048        6.2440106702274147E-003
  0.54999987594783306        6.7044472078385802E-003
  0.55999987572431564        7.1949444793868271E-003
  0.56999987550079823        7.7171511426944762E-003
  0.57999987527728081        8.2727826545927682E-003
  0.58999987505376339        8.8636222916943161E-003
  0.59999987483024597        9.4915220590619329E-003
  0.60999987460672855        1.0158403476146367E-002
  0.61999987438321114        1.0866258229121410E-002
  0.62999987415969372        1.1617148678530895E-002
  0.63999987393617630        1.2413208210984170E-002
  0.64999987371265888        1.3256641423495415E-002
  0.65999987348914146        1.4149724128963523E-002
  0.66999987326562405        1.5094803171232284E-002
  0.67999987304210663        1.6094296038170069E-002
  0.68999987281858921        1.7150690261240560E-002
  0.69999987259507179        1.8266542590142581E-002
  0.70999987237155437        1.9444477931242564E-002
  0.71999987214803696        2.0687188038740544E-002
  0.72999987192451954        2.1997429947774667E-002
  0.73999987170100212        2.3378024139013232E-002
  0.74999987147748470        2.4831852424679411E-002
  0.75999987125396729        2.6361855546424305E-002
  0.76999987103044987        2.7971030475998925E-002
  0.77999987080693245        2.9662427410281206E-002
  0.78999987058341503        3.1439146452903417E-002
  0.79999987035989761        3.3304333975452724E-002
  0.80999987013638020        3.5261178652058668E-002
  0.81999986991286278        3.7312907162062203E-002
  0.82999986968934536        3.9462779556430773E-002
  0.83999986946582794        4.1714084284595519E-002
  0.84999986924231052        4.4070132879524583E-002
  0.85999986901879311        4.6534254299973037E-002
  0.86999986879527569        4.9109788930107937E-002
  0.87999986857175827        5.1800082237975657E-002
  0.88999986834824085        5.4608478095657088E-002
  0.89999986812472343        5.7538311765327588E-002
  0.90999986790120602        6.0592902556904124E-002
  0.91999986767768860        6.3775546164477823E-002
  0.92999986745417118        6.7089506690216502E-002
  0.93999986723065376        7.0538008366061944E-002
  0.94999986700713634        7.4124226985079464E-002
  0.95999986678361893        7.7851281055969668E-002
  0.96999986656010151        8.1722222695901708E-002
  0.97999986633658409        8.5740028278427236E-002
  0.98999986611306667        8.9907588854897871E-002
  0.99999986588954926        9.4227700369467510E-002
   1.0099998656660318        9.8703053689308734E-002
   1.0199998654425144       0.10333622447334358     
   1.0299998652189970       0.10812966290428432     
   1.0399998649954796       0.11308568331031157     
   1.0499998647719622       0.11820645370420736     
   1.0599998645484447       0.12349398526912686     
   1.0699998643249273       0.12895012182152887     
   1.0799998641014099       0.13457652928306424     
   1.0899998638778925       0.14037468519437815     
   1.0999998636543751       0.14634586830481397     
   1.1099998634308577       0.15249114827306784     
   1.1199998632073402       0.15881137551455035     
   1.1299998629838228       0.16530717123213062     
   1.1399998627603054       0.17197891766736309     
   1.1499998625367880       0.17882674860987985     
   1.1599998623132706       0.18585054020294137     
   1.1699998620897532       0.19304990208329503     
   1.1799998618662357       0.20042416889350995     
   1.1899998616427183       0.20797239220489122     
   1.1999998614192009       0.21569333288871381     
   1.2099998611956835       0.22358545397310384     
   1.2199998609721661       0.23164691402225815     
   1.2299998607486486       0.23987556107385882     
   1.2399998605251312       0.24826892716969684     
   1.2499998603016138       0.25682422351325862     
   1.2599998600780964       0.26553833628674955     
   1.2699998598545790       0.27440782315864359     
   1.2799998596310616       0.28342891051109903     
   1.2899998594075441       0.29259749141490576     
   1.2999998591840267       0.30190912437754608     
   1.3099998589605093       0.31135903288791600     
   1.3199998587369919       0.32094210577910748     
   1.3299998585134745       0.33065289842800644     
   1.3399998582899570       0.34048563480823962     
   1.3499998580664396       0.35043421041012046     
   1.3599998578429222       0.36049219603874610     
   1.3699998576194048       0.37065284249825353     
   1.3799998573958874       0.38090908616762015     
   1.3899998571723700       0.39125355547014018     
   1.3999998569488525       0.40167857823576308     
   1.4099998567253351       0.41217618995227773     
   1.4199998565018177       0.42273814289826900     
   1.4299998562783003       0.43335591614740726     
   1.4399998560547829       0.44402072643060331     
   1.4499998558312654       0.45472353983925856     
   1.4599998556077480       0.46545508434968708     
   1.4699998553842306       0.47620586314565722     
   1.4799998551607132       0.48696616871288273     
   1.4899998549371958       0.49772609767623449     
   1.4999998547136784       0.50847556634755553     
   1.5099998544901609       0.51920432694898178     
   1.5199998542666435       0.52990198447406456     
   1.5299998540431261       0.54055801414614790     
   1.5399998538196087       0.55116177943110045     
   1.5499998535960913       0.56170255055905871     
   1.5599998533725739       0.57216952350765304     
   1.5699998531490564       0.58255183939705402     
   1.5799998529255390       0.59283860424543500     
   1.5899998527020216       0.60301890903167310     
   1.5999998524785042       0.61308185001061588     
   1.6099998522549868       0.62301654922499372     
   1.6199998520314693       0.63281217515691879     
   1.6299998518079519       0.64245796346122741     
   1.6399998515844345       0.65194323772178631     
   1.6499998513609171       0.66125743017236716     
   1.6599998511373997       0.67039010232233531     
   1.6699998509138823       0.67933096542845917     
   1.6799998506903648       0.68806990075379304     
   1.6899998504668474       0.69659697955530420     
   1.6999998502433300       0.70490248274262346     
   1.7099998500198126       0.71297692015111314     
   1.7199998497962952       0.72081104937364027     
   1.7299998495727777       0.72839589409705230     
   1.7399998493492603       0.73572276189042007     
   1.7499998491257429       0.74278326139442374     
   1.7599998489022255       0.74956931886271083     
   1.7699998486787081       0.75607319400881856     
   1.7799998484551907       0.76228749511369065     
   1.7899998482316732       0.76820519335233617     
   1.7999998480081558       0.77381963629988759     
   1.8099998477846384       0.77912456058074486     
   1.8199998475611210       0.78411410362682998     
   1.8299998473376036       0.78878281451456433     
   1.8399998471140862       0.79312566385278283     
   1.8499998468905687       0.79713805269721805     
   1.8599998466670513       0.80081582047056710     
   1.8699998464435339       0.80415525187012482     
   1.8799998462200165       0.80715308274873510     
   1.8899998459964991       0.80980650495792450     
   1.8999998457729816       0.81211317014541295     
   1.9099998455494642       0.81407119250323634     
   1.9199998453259468       0.81567915046493011     
   1.9299998451024294       0.81693608735493284     
   1.9399998448789120       0.81784151099574165     
   1.9499998446553946       0.81839539228173641     
   1.9599998444318771       0.81859816273238950     
   1.9699998442083597       0.81845071103985301     
   1.9799998439848423       0.81795437862961951     
   1.9899998437613249       0.81711095425528468     
   1.9999998435378075       0.81592266765190768     
   2.0099998433142900       0.81439218227445753     
   2.0199998430907726       0.81252258715087422     
   2.0299998428672552       0.81031738788123164     
   2.0399998426437378       0.80778049681757402     
   2.0499998424202204       0.80491622245970085     
   2.0599998421967030       0.80172925810550699     
   2.0699998419731855       0.79822466979563522     
   2.0799998417496681       0.79440788359335246     
   2.0899998415261507       0.79028467224301679     
   2.0999998413026333       0.78586114125070627     
   2.1099998410791159       0.78114371443250175     
   2.1199998408555984       0.77613911897597576     
   2.1299998406320810       0.77085437006186552     
   2.1399998404085636       0.76529675509309592     
   2.1499998401850462       0.75947381757854548     
   2.1599998399615288       0.75339334071938713     
   2.1699998397380114       0.74706333074577502     
   2.1799998395144939       0.74049200005127225     
   2.1899998392909765       0.73368775017233911     
   2.1999998390674591       0.72665915465968312     
   2.2099998388439417       0.71941494188739441     
   2.2199998386204243       0.71196397784528898     
   2.2299998383969069       0.70431524895882613     
   2.2399998381733894       0.69647784498001397     
   2.2499998379498720       0.68846094199109809     
   2.2599998377263546       0.68027378556239948     
   2.2699998375028372       0.67192567410334536     
   2.2799998372793198       0.66342594244465636     
   2.2899998370558023       0.65478394568823328     
   2.2999998368322849       0.64600904335919573     
   2.3099998366087675       0.63711058389292563     
   2.3199998363852501       0.62809788948838663     
   2.3299998361617327       0.61898024135670704     
   2.3399998359382153       0.60976686539232039     
   2.3499998357146978       0.60046691829207877     
   2.3599998354911804       0.59108947414544155     
   2.3699998352676630       0.58164351151722948     
   2.3799998350441456       0.57213790104198170     
   2.3899998348206282       0.56258139354732317     
   2.3999998345971107       0.55298260872142202     
   2.4099998343735933       0.54335002433780888     
   2.4199998341500759       0.53369196604851676     
   2.4299998339265585       0.52401659775505294     
   2.4399998337030411       0.51433191256412636     
   2.4499998334795237       0.50464572433369681     
   2.4599998332560062       0.49496565981277413     
   2.4699998330324888       0.48529915137655688     
   2.4799998328089714       0.47565343035687802     
   2.4899998325854540       0.46603552096620660     
   2.4999998323619366       0.45645223481172792     
   2.5099998321384192       0.44691016599440514     
   2.5199998319149017       0.43741568678685561     
   2.5299998316913843       0.42797494388168539     
   2.5399998314678669       0.41859385520136444     
   2.5499998312443495       0.40927810725892361     
   2.5599998310208321       0.40003315305787307     
   2.5699998307973146       0.39086421051834547     
   2.5799998305737972       0.38177626141576693     
   2.5899998303502798       0.37277405081714715     
   2.5999998301267624       0.36386208699941902     
   2.6099998299032450       0.35504464183323831     
   2.6199998296797276       0.34632575161530160     
   2.6299998294562101       0.33770921833124573     
   2.6399998292326927       0.32919861133103323     
   2.6499998290091753       0.32079726939789688     
   2.6599998287856579       0.31250830319191730     
   2.6699998285621405       0.30433459804869750     
   2.6799998283386230       0.29627881711353510     
   2.6899998281151056       0.28834340479137271     
   2.6999998278915882       0.28053059049250995     
   2.7099998276680708       0.27284239265432331     
   2.7199998274445534       0.26528062301905225     
   2.7299998272210360       0.25784689114792592     
   2.7399998269975185       0.25054260915208015     
   2.7499998267740011       0.24336899662079003     
   2.7599998265504837       0.23632708572808417     
   2.7699998263269663       0.22941772649874023     
   2.7799998261034489       0.22264159221541988     
   2.7899998258799314       0.21599918494878265     
   2.7999998256564140       0.20949084119302785     
   2.8099998254328966       0.20311673758978732     
   2.8199998252093792       0.19687689672363645     
   2.8299998249858618       0.19077119297330686     
   2.8399998247623444       0.18479935840286435     
   2.8499998245388269       0.17896098867813165     
   2.8599998243153095       0.17325554899381698     
   2.8699998240917921       0.16768237999769486     
   2.8799998238682747       0.16224070369873708     
   2.8899998236447573       0.15692962934673654     
   2.8999998234212399       0.15174815927146076     
   2.9099998231977224       0.14669519467039008     
   2.9199998229742050       0.14176954133428116     
   2.9299998227506876       0.13696991530082508     
   2.9399998225271702       0.13229494842712752     
   2.9499998223036528       0.12774319387242375     
   2.9599998220801353       0.12331313148310068     
   2.9699998218566179       0.11900317307270775     
   2.9799998216331005       0.11481166759028814     
   2.9899998214095831       0.11073690617089589     
   2.9999998211860657       0.10677712706292310     
   3.0099998209625483       0.10293052042719723     
   3.0199998207390308        9.9195233003657679E-002
   3.0299998205155134        9.5569372641731792E-002
   3.0399998202919960        9.2051012691222595E-002
   3.0499998200684786        8.8638196250958812E-002
   3.0599998198449612        8.5328940272971096E-002
   3.0699998196214437        8.2121239520456940E-002
   3.0799998193979263        7.9013070378220265E-002
   3.0899998191744089        7.6002394514740904E-002
   3.0999998189508915        7.3087162395416114E-002
   3.1099998187273741        7.0265316646934944E-002
   3.1199998185038567        6.7534795273120105E-002
   3.1299998182803392        6.4893534722877996E-002
   3.1399998180568218        6.2339472811323855E-002
   3.1499998178333044        5.9870551495347785E-002
   3.1599998176097870        5.7484719505279426E-002
   3.1699998173862696        5.5179934834488534E-002
   3.1799998171627522        5.2954167089088525E-002
   3.1899998169392347        5.0805399700076956E-002
   3.1999998167157173        4.8731632000500687E-002
   3.2099998164921999        4.6730881170378061E-002
   3.2199998162686825        4.4801184052343714E-002
   3.2299998160451651        4.2940598841073846E-002
   3.2399998158216476        4.1147206649734057E-002
   3.2499998155981302        3.9419112956774763E-002
   3.2599998153746128        3.7754448936538371E-002
   3.2699998151510954        3.6151372677200665E-002
   3.2799998149275780        3.4608070289657358E-002
   3.2899998147040606        3.3122756911029137E-002
   3.2999998144805431        3.1693677606485324E-002
   3.3099998142570257        3.0319108173144028E-002
   3.3199998140335083        2.8997355849804726E-002
   3.3299998138099909        2.7726759936291964E-002
   3.3399998135864735        2.6505692326183050E-002
   3.3499998133629560        2.5332557956670228E-002
   3.3599998131394386        2.4205795179314323E-002
   3.3699998129159212        2.3123876055372587E-002
   3.3799998126924038        2.2085306579390666E-002
   3.3899998124688864        2.1088626834665135E-002
   3.3999998122453690        2.0132411084156959E-002
   3.4099998120218515        1.9215267800354190E-002
   3.4199998117983341        1.8335839637535628E-002
   3.4299998115748167        1.7492803349797924E-002
   3.4399998113512993        1.6684869658157204E-002
   3.4499998111277819        1.5910783069925164E-002
   3.4599998109042645        1.5169321653507156E-002
   3.4699998106807470        1.4459296771664654E-002
   3.4799998104572296        1.3779552776197230E-002
   3.4899998102337122        1.3128966666918726E-002
   3.4999998100101948        1.2506447717694630E-002
   3.5099998097866774        1.1910937072223527E-002
   3.5199998095631599        1.1341407312145559E-002
   3.5299998093396425        1.0796861999963429E-002
   3.5399998091161251        1.0276335199172221E-002
   3.5499998088926077        9.7788909738823256E-003
   3.5599998086690903        9.3036228701435849E-003
   3.5699998084455729        8.8496533810637872E-003
   3.5799998082220554        8.4161333977302959E-003
   3.5899998079985380        8.0022416478493490E-003
   3.5999998077750206        7.6071841239156671E-003
   3.6099998075515032        7.2301935026446822E-003
   3.6199998073279858        6.8705285573026865E-003
   3.6299998071044683        6.5274735644799695E-003
   3.6399998068809509        6.2003377067747110E-003
   3.6499998066574335        5.8884544727588022E-003
   3.6599998064339161        5.5911810555238995E-003
   3.6699998062103987        5.3078977510221470E-003
   3.6799998059868813        5.0380073573344239E-003
   3.6899998057633638        4.7809345759313136E-003
   3.6999998055398464        4.5361254159104200E-003
   3.7099998053163290        4.3030466021284327E-003
   3.7199998050928116        4.0811849880747920E-003
   3.7299998048692942        3.8700469742703101E-003
   3.7399998046457767        3.6691579329078479E-003
   3.7499998044222593        3.4780616393939117E-003
   3.7599998041987419        3.2963197113900851E-003
   3.7699998039752245        3.1235110558982641E-003
   3.7799998037517071        2.9592313248789936E-003
   3.7899998035281897        2.8030923798424215E-003
   3.7999998033046722        2.6547217658029611E-003
   3.8099998030811548        2.5137621949408323E-003
   3.8199998028576374        2.3798710402724646E-003
   3.8299998026341200        2.2527198395877971E-003
   3.8399998024106026        2.1319938098750763E-003
   3.8499998021870852        2.0173913724152118E-003
   3.8599998019635677        1.9086236886943890E-003
   3.8699998017400503        1.8054142072494879E-003
   3.8799998015165329        1.7074982215302839E-003
   3.8899998012930155        1.6146224388346470E-003
   3.8999998010694981        1.5265445603442904E-003
   3.9099998008459806        1.4430328722652539E-003
   3.9199998006224632        1.3638658480523464E-003
   3.9299998003989458        1.2888317616765962E-003
   3.9399998001754284        1.2177283118736087E-003
   3.9499997999519110        1.1503622572929743E-003
   3.9599997997283936        1.0865490624520167E-003
   3.9699997995048761        1.0261125543808832E-003
   3.9799997992813587        9.6888458983303077E-004
   3.9899997990578413        9.1470473292141401E-004
   3.9999997988343239        8.6341994302978082E-004
   4.0099997986108065        8.1488427283768559E-004
   4.0199997983872890        7.6895857628889955E-004
   4.0299997981637716        7.2551022632471132E-004
   4.0399997979402542        6.8441284219638947E-004
   4.0499997977167368        6.4554602616474549E-004
   4.0599997974932194        6.0879510938990065E-004
   4.0699997972697020        5.7405090680936641E-004
   4.0799997970461845        5.4120948079938627E-004
   4.0899997968226671        5.1017191341106414E-004
   4.0999997965991497        4.8084408697106595E-004
   4.1099997963756323        4.5313647283491383E-004
   4.1199997961521149        4.2696392807970097E-004
   4.1299997959285975        4.0224549992310933E-004
   4.1399997957050800        3.7890423765527925E-004
   4.1499997954815626        3.5686701187088299E-004
   4.1599997952580452        3.3606434078984801E-004
   4.1699997950345278        3.1643022345635702E-004
   4.1799997948110104        2.9790197960770864E-004
   4.1899997945874929        2.8042009600686113E-004
   4.1999997943639755        2.6392807903459140E-004
   4.2099997941404581        2.4837231334023653E-004
   4.2199997939169407        2.3370192635282957E-004
   4.2299997936934233        2.1986865845746091E-004
   4.2399997934699059        2.0682673864538904E-004
   4.2499997932463884        1.9453276544968302E-004
   4.2599997930228710        1.8294559298199340E-004
   4.2699997927993536        1.7202622188989731E-004
   4.2799997925758362        1.6173769505810372E-004
   4.2899997923523188        1.5204499788096397E-004
   4.2999997921288013        1.4291496293759471E-004
   4.3099997919052839        1.3431617890539705E-004
   4.3199997916817665        1.2621890355160706E-004
   4.3299997914582491        1.1859498064701441E-004
   4.3399997912347317        1.1141776065005841E-004
   4.3499997910112143        1.0466202501379310E-004
   4.3599997907876968        9.8303913972520466E-005
   4.3699997905641794        9.2320857668985336E-005
   4.3799997903406620        8.6691510487338626E-005
   4.3899997901171446        8.1395688461148648E-005
   4.3999997898936272        7.6414309629940479E-005
   4.4099997896701097        7.1729337221736230E-005
   4.4199997894465923        6.7323725543154316E-005
   4.4299997892230749        6.3181368462523246E-005
   4.4399997889995575        5.9287050375432846E-005
   4.4499997887760401        5.5626399545901456E-005
   4.4599997885525227        5.2185843720133272E-005
   4.4699997883290052        4.8952567913511806E-005
   4.4799997881054878        4.5914474275060951E-005
   4.4899997878819704        4.3060143937149930E-005
   4.4999997876584530        4.0378800761624142E-005
   4.5099997874349356        3.7860276896933672E-005
   4.5199997872114182        3.5494980064064880E-005
   4.5299997869879007        3.3273862492285909E-005
   4.5399997867643833        3.1188391428806882E-005
   4.5499997865408659        2.9230521149454439E-005
   4.5599997863173485        2.7392666400398169E-005
   4.5699997860938311        2.5667677203787039E-005
   4.5799997858703136        2.4048814962917260E-005
   4.5899997856467962        2.2529729805196629E-005
   4.5999997854232788        2.1104439103769631E-005
   4.6099997851997614        1.9767307121149156E-005
   4.6199997849762440        1.8513025720612469E-005
   4.6299997847527266        1.7336596093453255E-005
   4.6399997845292091        1.6233311452429268E-005
   4.6499997843056917        1.5198740643911081E-005
   4.6599997840821743        1.4228712633337830E-005
   4.6699997838586569        1.3319301820593751E-005
   4.6799997836351395        1.2466814143868333E-005
   4.6899997834116220        1.1667773932430268E-005
   4.6999997831881046        1.0918911470542233E-005
   4.7099997829645872        1.0217151236477623E-005
   4.7199997827410698        9.5596007822570571E-006
   4.7299997825175524        8.9435402213269184E-006
   4.7399997822940350        8.3664122929225207E-006
   4.7499997820705175        7.8258129733467830E-006
   4.7599997818470001        7.3194826057903286E-006
   4.7699997816234827        6.8452975216803031E-006
   4.7799997813999653        6.4012621278411880E-006
   4.7899997811764479        5.9855014349877188E-006
   4.7999997809529305        5.5962540042638073E-006
   4.8099997807294130        5.2318652896784899E-006
   4.8199997805058956        4.8907813553732214E-006
   4.8299997802823782        4.5715429477022846E-006
   4.8399997800588608        4.2727799030993159E-006
   4.8499997798353434        3.9932058736523185E-006
   4.8599997796118259        3.7316133532206873E-006
   4.8699997793883085        3.4868689877906988E-006
   4.8799997791647911        3.2579091545963753E-006
   4.8899997789412737        3.0437357953191249E-006
   4.8999997787177563        2.8434124894331291E-006
   4.9099997784942389        2.6560607544812854E-006
   4.9199997782707214        2.4808565607491729E-006
   4.9299997780472040        2.3170270484568098E-006
   4.9399997778236866        2.1638474362071492E-006
   4.9499997776001692        2.0206381100224143E-006
   4.9599997773766518        1.8867618828595488E-006
   4.9699997771531343        1.7616214150324067E-006
   4.9799997769296169        1.6446567864759997E-006
   4.9899997767060995        1.5353432122718946E-006
   4.9999997764825821        1.4331888933142299E-006
